0:00:00.0	(586, 200), (836, 533)
0:00:00.1	(586, 201), (837, 532)
0:00:00.2	(586, 202), (837, 534)
0:00:00.3	(585, 202), (836, 536)
0:00:00.4	(585, 201), (837, 537)
0:00:00.5	(587, 202), (840, 534)
0:00:00.6	(588, 202), (840, 533)
0:00:00.7	(589, 204), (841, 534)
0:00:00.8	(590, 205), (842, 535)
0:00:00.9	(591, 206), (842, 535)
0:00:00.10	(590, 206), (839, 533)
0:00:00.11	(591, 206), (842, 531)
0:00:00.12	(591, 206), (842, 530)
0:00:00.13	(590, 206), (841, 532)
0:00:00.14	(590, 205), (842, 531)
0:00:00.15	(589, 206), (838, 533)
0:00:00.16	(590, 205), (842, 531)
0:00:00.17	(590, 205), (842, 532)
0:00:00.18	(589, 205), (841, 533)
0:00:00.19	(590, 204), (842, 532)
0:00:00.20	(590, 204), (842, 534)
0:00:00.21	(590, 204), (842, 533)
0:00:00.22	(587, 206), (837, 537)
0:00:00.23	(587, 206), (838, 537)
0:00:00.24	(589, 207), (841, 535)
0:00:00.25	(587, 205), (839, 536)
0:00:00.26	(586, 204), (839, 537)
0:00:00.27	(585, 205), (838, 536)
0:00:00.28	(585, 206), (838, 537)
0:00:00.29	(586, 205), (838, 535)
0:00:01.0	(586, 206), (839, 536)
0:00:01.1	(586, 206), (839, 536)
0:00:01.2	(586, 205), (838, 535)
0:00:01.3	(587, 207), (839, 536)
0:00:01.4	(587, 207), (839, 535)
0:00:01.5	(583, 203), (835, 538)
0:00:01.6	(583, 204), (834, 538)
0:00:01.7	(581, 204), (832, 537)
0:00:01.8	(581, 204), (833, 537)
0:00:01.9	(581, 204), (832, 535)
0:00:01.10	(581, 203), (832, 534)
0:00:01.11	(579, 205), (829, 533)
0:00:01.12	(579, 206), (829, 533)
0:00:01.13	(578, 204), (829, 534)
0:00:01.14	(574, 204), (824, 534)
0:00:01.15	(572, 202), (821, 532)
0:00:01.16	(557, 206), (811, 535)
0:00:01.17	(557, 206), (811, 535)
0:00:01.18	(542, 206), (798, 537)
0:00:01.19	(532, 206), (789, 533)
0:00:01.20	(515, 205), (768, 541)
0:00:01.21	(507, 204), (759, 539)
0:00:01.22	(497, 205), (750, 547)
0:00:01.23	(478, 205), (736, 548)
0:00:01.24	(452, 202), (707, 548)
0:00:01.25	(452, 202), (707, 548)
0:00:01.26	(441, 206), (696, 550)
0:00:01.27	(429, 208), (684, 553)
0:00:01.28	(405, 207), (668, 561)
0:00:01.29	(394, 210), (653, 564)
0:00:02.0	(380, 203), (638, 562)
0:00:02.1	(369, 214), (627, 565)
0:00:02.2	(335, 218), (597, 572)
0:00:02.3	(320, 234), (581, 579)
0:00:02.4	(323, 235), (584, 578)
0:00:02.5	(311, 244), (572, 588)
0:00:02.6	(285, 228), (549, 568)
0:00:02.7	(285, 229), (549, 569)
0:00:02.8	(275, 236), (537, 571)
0:00:02.9	(268, 246), (534, 593)
0:00:02.10	(252, 253), (515, 588)
0:00:02.11	(252, 253), (515, 589)
0:00:02.12	(252, 257), (515, 589)
0:00:02.13	(251, 257), (514, 588)
0:00:02.14	(251, 257), (514, 590)
0:00:02.15	(251, 257), (513, 587)
0:00:02.16	(256, 257), (517, 583)
0:00:02.17	(260, 253), (521, 584)
0:00:02.18	(268, 246), (532, 585)
0:00:02.19	(276, 251), (539, 586)
0:00:02.20	(281, 249), (545, 579)
0:00:02.21	(298, 241), (557, 566)
0:00:02.22	(298, 241), (557, 566)
0:00:02.23	(309, 234), (568, 567)
0:00:02.24	(317, 241), (577, 578)
0:00:02.25	(331, 233), (590, 576)
0:00:02.26	(340, 219), (600, 567)
0:00:02.27	(355, 213), (616, 567)
0:00:02.28	(371, 213), (629, 567)
0:00:02.29	(395, 210), (655, 558)
0:00:03.0	(395, 210), (655, 558)
0:00:03.1	(411, 209), (670, 554)
0:00:03.2	(436, 209), (688, 542)
0:00:03.3	(459, 206), (712, 536)
0:00:03.4	(458, 206), (711, 536)
0:00:03.5	(492, 205), (744, 536)
0:00:03.6	(504, 202), (754, 534)
0:00:03.7	(504, 202), (754, 534)
0:00:03.8	(512, 203), (760, 535)
0:00:03.9	(521, 201), (770, 530)
0:00:03.10	(529, 204), (777, 529)
0:00:03.11	(534, 204), (782, 524)
0:00:03.12	(543, 203), (793, 523)
0:00:03.13	(543, 203), (793, 523)
0:00:03.14	(545, 203), (794, 528)
0:00:03.15	(547, 203), (796, 529)
0:00:03.16	(549, 202), (797, 529)
0:00:03.17	(549, 203), (798, 529)
0:00:03.18	(550, 203), (798, 529)
0:00:03.19	(549, 203), (798, 528)
0:00:03.20	(550, 203), (800, 528)
0:00:03.21	(553, 202), (803, 529)
0:00:03.22	(556, 201), (807, 525)
0:00:03.23	(564, 200), (813, 529)
0:00:03.24	(571, 201), (820, 525)
0:00:03.25	(573, 199), (821, 526)
0:00:03.26	(582, 205), (831, 518)
0:00:03.27	(593, 200), (845, 523)
0:00:03.28	(611, 201), (865, 522)
0:00:03.29	(629, 203), (880, 521)
0:00:04.0	(655, 203), (912, 523)
0:00:04.1	(680, 206), (931, 520)
0:00:04.2	(680, 205), (931, 519)
0:00:04.3	(698, 214), (948, 528)
0:00:04.4	(709, 206), (963, 532)
0:00:04.5	(724, 219), (985, 540)
0:00:04.6	(768, 227), (1025, 543)
0:00:04.7	(769, 227), (1026, 543)
0:00:04.8	(782, 229), (1042, 547)
0:00:04.9	(796, 230), (1062, 559)
0:00:04.10	(816, 237), (1077, 562)
0:00:04.11	(828, 249), (1090, 571)
0:00:04.12	(846, 240), (1108, 562)
0:00:04.13	(865, 253), (1132, 574)
0:00:04.14	(864, 253), (1131, 574)
0:00:04.15	(879, 255), (1145, 574)
0:00:04.16	(891, 257), (1156, 574)
0:00:04.17	(901, 256), (1169, 576)
0:00:04.18	(906, 256), (1176, 575)
0:00:04.19	(906, 256), (1175, 575)
0:00:04.20	(912, 253), (1183, 578)
0:00:04.21	(914, 253), (1186, 578)
0:00:04.22	(914, 253), (1186, 577)
0:00:04.23	(907, 256), (1178, 575)
0:00:04.24	(904, 255), (1174, 574)
0:00:04.25	(887, 256), (1151, 574)
0:00:04.26	(887, 256), (1151, 574)
0:00:04.27	(872, 256), (1139, 573)
0:00:04.28	(850, 237), (1116, 562)
0:00:04.29	(850, 237), (1116, 562)
0:00:05.0	(837, 237), (1097, 557)
0:00:05.1	(824, 238), (1082, 550)
0:00:05.2	(783, 224), (1044, 539)
0:00:05.3	(768, 214), (1025, 538)
0:00:05.4	(749, 214), (1004, 534)
0:00:05.5	(724, 217), (984, 530)
0:00:05.6	(724, 217), (984, 530)
0:00:05.7	(707, 213), (960, 527)
0:00:05.8	(691, 205), (943, 520)
0:00:05.9	(646, 204), (897, 518)
0:00:05.10	(646, 204), (897, 518)
0:00:05.11	(634, 202), (883, 513)
0:00:05.12	(615, 199), (869, 515)
0:00:05.13	(588, 196), (837, 512)
0:00:05.14	(588, 198), (834, 512)
0:00:05.15	(588, 198), (834, 512)
0:00:05.16	(581, 196), (827, 512)
0:00:05.17	(577, 194), (823, 512)
0:00:05.18	(573, 194), (820, 511)
0:00:05.19	(574, 192), (821, 511)
0:00:05.20	(574, 192), (821, 511)
0:00:05.21	(574, 193), (823, 509)
0:00:05.22	(590, 190), (838, 504)
0:00:05.23	(595, 193), (841, 492)
0:00:05.24	(595, 193), (841, 492)
0:00:05.25	(605, 190), (848, 478)
0:00:05.26	(618, 187), (853, 458)
0:00:05.27	(629, 191), (870, 458)
0:00:05.28	(653, 190), (885, 458)
0:00:05.29	(667, 163), (901, 446)
0:00:06.0	(681, 172), (912, 443)
0:00:06.1	(681, 172), (912, 443)
0:00:06.2	(711, 172), (907, 442)
0:00:06.3	(718, 173), (911, 436)
0:00:06.4	(718, 181), (912, 436)
0:00:06.5	(718, 181), (912, 436)
0:00:06.6	(718, 184), (910, 437)
0:00:06.16	(699, 178), (929, 439)
0:00:06.17	(694, 177), (924, 446)
0:00:06.18	(686, 180), (917, 445)
0:00:06.19	(678, 176), (909, 450)
0:00:06.20	(678, 176), (909, 450)
0:00:06.21	(669, 179), (900, 452)
0:00:06.22	(644, 191), (886, 473)
0:00:06.23	(644, 191), (886, 473)
0:00:06.24	(633, 195), (879, 476)
0:00:06.25	(628, 193), (875, 484)
0:00:06.26	(623, 184), (870, 483)
0:00:06.27	(614, 189), (864, 502)
0:00:06.28	(614, 189), (865, 502)
0:00:06.29	(610, 189), (862, 503)
0:00:07.0	(606, 192), (855, 510)
0:00:07.1	(602, 192), (853, 514)
0:00:07.2	(602, 192), (853, 514)
0:00:07.3	(603, 196), (852, 515)
0:00:07.4	(604, 202), (851, 515)
0:00:07.5	(604, 202), (851, 515)
0:00:07.6	(605, 203), (851, 519)
0:00:07.7	(604, 204), (851, 521)
0:00:07.8	(604, 203), (850, 520)
0:00:07.9	(604, 203), (850, 520)
0:00:07.10	(604, 203), (850, 519)
0:00:07.11	(605, 204), (851, 519)
0:00:07.12	(601, 202), (849, 517)
0:00:07.13	(602, 202), (846, 511)
0:00:07.14	(602, 201), (846, 511)
0:00:07.15	(605, 201), (845, 511)
0:00:07.16	(589, 190), (837, 510)
0:00:07.17	(590, 190), (837, 510)
0:00:07.18	(585, 189), (835, 506)
0:00:07.19	(579, 195), (829, 496)
0:00:07.20	(579, 195), (830, 496)
0:00:07.21	(569, 192), (818, 490)
0:00:07.22	(570, 189), (815, 486)
0:00:07.23	(568, 188), (807, 481)
0:00:07.24	(561, 177), (796, 461)
0:00:07.25	(542, 181), (781, 470)
0:00:07.26	(534, 186), (765, 465)
0:00:07.27	(534, 186), (765, 465)
0:00:07.28	(542, 174), (738, 458)
0:00:07.29	(542, 174), (738, 458)
0:00:08.0	(535, 180), (732, 457)
0:00:08.1	(517, 183), (744, 465)
0:00:08.2	(517, 183), (746, 467)
0:00:08.3	(517, 182), (746, 467)
0:00:08.4	(530, 183), (727, 452)
0:00:08.5	(530, 182), (727, 449)
0:00:08.6	(531, 183), (728, 447)
0:00:08.7	(531, 182), (727, 445)
0:00:08.8	(531, 181), (728, 445)
0:00:08.9	(531, 180), (730, 450)
0:00:08.10	(532, 187), (729, 464)
0:00:08.11	(519, 183), (748, 479)
0:00:08.12	(518, 183), (747, 480)
0:00:08.13	(524, 178), (754, 471)
0:00:08.14	(536, 190), (770, 470)
0:00:08.15	(536, 190), (770, 470)
0:00:08.16	(535, 184), (777, 479)
0:00:08.17	(548, 189), (788, 482)
0:00:08.18	(560, 192), (806, 493)
0:00:08.19	(565, 193), (812, 501)
0:00:08.20	(570, 192), (819, 507)
0:00:08.21	(570, 192), (819, 507)
0:00:08.22	(573, 199), (822, 510)
0:00:08.23	(580, 199), (827, 510)
0:00:08.24	(580, 199), (827, 510)
0:00:08.25	(581, 199), (827, 512)
0:00:08.26	(581, 203), (827, 520)
0:00:08.27	(581, 202), (828, 524)
0:00:08.28	(585, 207), (829, 523)
0:00:08.29	(584, 207), (828, 523)
0:00:09.0	(582, 208), (831, 532)
0:00:09.1	(582, 211), (830, 532)
0:00:09.2	(582, 211), (831, 531)
0:00:09.3	(582, 212), (831, 532)
0:00:09.4	(583, 213), (833, 536)
0:00:09.5	(581, 213), (832, 547)
0:00:09.6	(579, 213), (829, 548)
0:00:09.7	(577, 216), (828, 553)
0:00:09.8	(577, 216), (828, 552)
0:00:09.9	(574, 219), (824, 563)
0:00:09.10	(568, 229), (820, 563)
0:00:09.11	(561, 243), (813, 555)
0:00:09.12	(539, 270), (790, 576)
0:00:09.13	(531, 289), (783, 592)
0:00:09.14	(531, 289), (783, 592)
0:00:09.15	(510, 306), (761, 618)
0:00:09.16	(510, 306), (761, 619)
0:00:09.17	(489, 332), (729, 631)
0:00:09.18	(484, 348), (725, 634)
0:00:09.19	(484, 348), (725, 634)
0:00:09.20	(472, 353), (720, 637)
0:00:09.21	(468, 361), (717, 638)
0:00:09.22	(469, 366), (716, 639)
0:00:09.23	(469, 369), (716, 638)
0:00:09.24	(466, 367), (714, 638)
0:00:09.25	(467, 368), (714, 638)
0:00:09.26	(470, 366), (715, 640)
0:00:09.27	(469, 359), (716, 636)
0:00:09.28	(468, 359), (710, 631)
0:00:09.29	(480, 351), (717, 636)
0:00:10.0	(476, 348), (723, 641)
0:00:10.1	(488, 344), (736, 631)
0:00:10.2	(494, 318), (755, 619)
0:00:10.3	(506, 320), (763, 615)
0:00:10.4	(514, 298), (769, 615)
0:00:10.5	(518, 274), (772, 604)
0:00:10.6	(530, 265), (783, 597)
0:00:10.7	(539, 267), (792, 602)
0:00:10.8	(539, 267), (792, 603)
0:00:10.9	(545, 264), (796, 591)
0:00:10.10	(562, 250), (813, 563)
0:00:10.11	(564, 245), (816, 559)
0:00:10.12	(570, 254), (820, 569)
0:00:10.13	(570, 254), (820, 569)
0:00:10.14	(576, 251), (824, 565)
0:00:10.15	(579, 238), (825, 556)
0:00:10.16	(578, 238), (825, 555)
0:00:10.17	(579, 234), (826, 553)
0:00:10.18	(580, 239), (827, 553)
0:00:10.19	(580, 248), (827, 563)
0:00:10.20	(579, 252), (826, 561)
0:00:10.21	(581, 252), (827, 561)
0:00:10.22	(581, 252), (827, 558)
0:00:10.23	(582, 252), (828, 559)
0:00:10.24	(586, 235), (835, 551)
0:00:10.25	(588, 230), (837, 550)
0:00:10.26	(596, 233), (842, 548)
0:00:10.27	(599, 237), (848, 553)
0:00:10.28	(609, 243), (858, 551)
0:00:10.29	(620, 248), (870, 544)
0:00:11.0	(626, 273), (877, 561)
0:00:11.1	(643, 277), (891, 567)
0:00:11.2	(665, 273), (908, 563)
0:00:11.3	(685, 273), (928, 568)
0:00:11.4	(697, 273), (943, 571)
0:00:11.5	(698, 273), (944, 571)
0:00:11.6	(745, 296), (966, 571)
0:00:11.7	(758, 301), (973, 570)
0:00:11.8	(762, 307), (981, 576)
0:00:11.12	(802, 336), (979, 588)
0:00:11.19	(767, 312), (994, 584)
0:00:11.20	(750, 293), (990, 572)
0:00:11.21	(745, 288), (980, 562)
0:00:11.22	(724, 279), (964, 563)
0:00:11.23	(724, 279), (964, 564)
0:00:11.24	(684, 260), (934, 547)
0:00:11.25	(676, 244), (919, 530)
0:00:11.26	(657, 234), (904, 525)
0:00:11.27	(657, 234), (904, 525)
0:00:11.28	(638, 219), (884, 516)
0:00:11.29	(636, 212), (883, 521)
0:00:12.0	(630, 212), (877, 523)
0:00:12.1	(625, 207), (871, 521)
0:00:12.2	(625, 207), (871, 521)
0:00:12.3	(621, 211), (861, 523)
0:00:12.4	(619, 212), (858, 518)
0:00:12.5	(614, 213), (855, 518)
0:00:12.6	(611, 210), (853, 518)
0:00:12.7	(610, 209), (851, 518)
0:00:12.8	(609, 208), (850, 518)
0:00:12.9	(609, 208), (850, 516)
0:00:12.10	(607, 207), (849, 514)
0:00:12.11	(607, 205), (849, 512)
0:00:12.12	(607, 206), (849, 513)
0:00:12.13	(602, 203), (844, 510)
0:00:12.14	(605, 200), (844, 509)
0:00:12.15	(604, 197), (844, 495)
0:00:12.16	(603, 193), (842, 480)
0:00:12.17	(604, 189), (843, 460)
0:00:12.18	(605, 182), (837, 449)
0:00:12.19	(622, 185), (821, 436)
0:00:12.20	(618, 190), (814, 422)
0:00:12.21	(608, 195), (808, 413)
0:00:12.22	(606, 202), (801, 405)
0:00:13.4	(588, 256), (780, 426)
0:00:13.6	(590, 249), (778, 413)
0:00:13.7	(584, 260), (782, 410)
0:00:13.8	(586, 257), (775, 427)
0:00:13.9	(588, 252), (775, 412)
0:00:13.10	(588, 246), (779, 419)
0:00:13.11	(599, 237), (788, 412)
0:00:13.12	(598, 223), (788, 418)
0:00:13.13	(592, 206), (789, 435)
0:00:13.15	(577, 210), (813, 449)
0:00:13.16	(579, 203), (815, 459)
0:00:13.17	(578, 202), (815, 470)
0:00:13.18	(580, 208), (818, 478)
0:00:13.19	(579, 205), (819, 483)
0:00:13.20	(578, 209), (819, 489)
0:00:13.21	(581, 210), (820, 497)
0:00:13.22	(581, 208), (821, 499)
0:00:13.23	(580, 209), (821, 502)
0:00:13.24	(581, 214), (822, 507)
0:00:13.25	(577, 208), (820, 509)
0:00:13.26	(577, 209), (821, 511)
0:00:13.27	(576, 211), (820, 511)
0:00:13.28	(578, 212), (822, 515)
0:00:13.29	(578, 215), (821, 516)
0:00:14.0	(577, 214), (821, 516)
0:00:14.1	(577, 213), (821, 521)
0:00:14.2	(577, 216), (821, 520)
0:00:14.3	(578, 216), (821, 520)
0:00:14.4	(577, 216), (821, 521)
0:00:14.5	(576, 216), (821, 526)
0:00:14.6	(576, 218), (821, 531)
0:00:14.7	(575, 221), (821, 537)
0:00:14.8	(574, 221), (821, 552)
0:00:14.9	(576, 229), (822, 558)
0:00:14.10	(577, 254), (824, 579)
0:00:14.11	(575, 260), (821, 588)
0:00:14.12	(573, 278), (822, 599)
0:00:14.13	(579, 295), (825, 621)
0:00:14.14	(578, 318), (823, 623)
0:00:14.15	(579, 336), (827, 635)
0:00:14.16	(584, 356), (828, 663)
0:00:14.17	(582, 385), (828, 687)
0:00:14.18	(577, 404), (827, 676)
0:00:14.19	(577, 404), (827, 676)
0:00:14.29	(574, 428), (829, 690)
0:00:15.0	(577, 414), (832, 681)
0:00:15.1	(581, 401), (836, 686)
0:00:15.2	(585, 383), (833, 667)
0:00:15.3	(589, 346), (840, 670)
0:00:15.4	(588, 337), (839, 653)
0:00:15.5	(585, 316), (839, 632)
0:00:15.6	(584, 277), (839, 633)
0:00:15.7	(579, 267), (835, 615)
0:00:15.8	(581, 251), (836, 610)
0:00:15.9	(579, 232), (836, 593)
0:00:15.10	(580, 221), (833, 566)
0:00:15.11	(577, 214), (828, 552)
0:00:15.12	(575, 214), (824, 535)
0:00:15.13	(576, 210), (823, 529)
0:00:15.14	(578, 206), (824, 525)
0:00:15.15	(578, 205), (823, 521)
0:00:15.16	(578, 202), (823, 517)
0:00:15.17	(578, 201), (823, 511)
0:00:15.18	(577, 202), (822, 510)
0:00:15.19	(575, 203), (820, 510)
0:00:15.20	(576, 203), (821, 511)
0:00:15.21	(576, 203), (821, 510)
0:00:15.22	(577, 204), (821, 510)
0:00:15.23	(577, 203), (821, 509)
0:00:15.24	(577, 206), (820, 510)
0:00:15.25	(582, 208), (823, 509)
0:00:15.26	(586, 208), (824, 509)
0:00:15.27	(588, 210), (826, 510)
0:00:15.28	(590, 211), (828, 511)
0:00:15.29	(594, 213), (837, 511)
0:00:16.0	(597, 214), (839, 510)
0:00:16.1	(607, 212), (850, 512)
0:00:16.2	(620, 215), (861, 511)
0:00:16.3	(625, 215), (866, 511)
0:00:16.4	(631, 213), (874, 511)
0:00:16.5	(640, 215), (883, 511)
0:00:16.6	(661, 223), (898, 511)
0:00:16.7	(678, 225), (905, 511)
0:00:16.8	(690, 227), (917, 512)
0:00:16.9	(695, 225), (924, 513)
0:00:16.10	(698, 225), (921, 513)
0:00:16.11	(707, 218), (927, 512)
0:00:16.12	(715, 221), (930, 512)
0:00:16.20	(731, 230), (941, 516)
0:00:16.23	(722, 237), (936, 518)
0:00:16.25	(709, 227), (939, 513)
0:00:16.26	(698, 223), (932, 512)
0:00:16.27	(689, 220), (924, 510)
0:00:16.28	(676, 225), (908, 506)
0:00:16.29	(663, 223), (902, 506)
0:00:17.0	(650, 217), (897, 505)
0:00:17.1	(644, 211), (891, 503)
0:00:17.2	(641, 209), (887, 498)
0:00:17.3	(637, 209), (883, 499)
0:00:17.4	(632, 211), (879, 503)
0:00:17.5	(628, 210), (871, 502)
0:00:17.6	(625, 208), (868, 502)
0:00:17.7	(620, 211), (864, 502)
0:00:17.8	(617, 208), (860, 503)
0:00:17.9	(615, 208), (859, 506)
0:00:17.10	(613, 211), (857, 506)
0:00:17.11	(616, 209), (858, 507)
0:00:17.12	(616, 209), (857, 507)
0:00:17.13	(615, 208), (856, 507)
0:00:17.14	(614, 210), (855, 508)
0:00:17.15	(614, 209), (854, 508)
0:00:17.16	(613, 209), (853, 508)
0:00:17.17	(611, 207), (851, 508)
0:00:17.18	(610, 208), (849, 508)
0:00:17.19	(609, 205), (848, 508)
0:00:17.20	(605, 208), (845, 508)
0:00:17.21	(605, 211), (843, 508)
0:00:17.22	(600, 213), (840, 508)
0:00:17.23	(593, 208), (834, 510)
0:00:17.24	(587, 207), (829, 511)
0:00:17.25	(581, 209), (825, 510)
0:00:17.26	(572, 214), (816, 509)
0:00:17.27	(557, 216), (801, 509)
0:00:17.28	(545, 211), (786, 512)
0:00:17.29	(538, 218), (775, 512)
0:00:18.0	(522, 222), (759, 512)
0:00:18.1	(508, 229), (736, 513)
0:00:18.2	(517, 230), (711, 516)
0:00:18.3	(506, 239), (698, 521)
0:00:18.4	(496, 244), (685, 523)
0:00:18.5	(484, 235), (674, 530)
0:00:18.6	(489, 267), (665, 542)
0:00:18.7	(484, 264), (659, 536)
0:00:18.8	(477, 268), (653, 541)
0:00:18.9	(473, 269), (649, 532)
0:00:18.10	(471, 272), (647, 544)
0:00:18.11	(470, 270), (647, 543)
0:00:18.12	(470, 269), (647, 543)
0:00:18.13	(469, 273), (647, 547)
0:00:18.14	(470, 269), (649, 546)
0:00:18.15	(458, 262), (671, 544)
0:00:18.16	(463, 261), (686, 546)
0:00:18.17	(475, 251), (699, 540)
0:00:18.18	(482, 247), (714, 536)
0:00:18.19	(484, 221), (723, 516)
0:00:18.20	(498, 226), (741, 513)
0:00:18.21	(511, 221), (756, 514)
0:00:18.22	(518, 219), (767, 511)
0:00:18.23	(529, 214), (773, 510)
0:00:18.24	(537, 211), (780, 507)
0:00:18.25	(546, 214), (784, 506)
0:00:18.26	(556, 211), (793, 505)
0:00:18.27	(556, 211), (793, 505)
0:00:18.28	(563, 210), (804, 506)
0:00:18.29	(569, 216), (810, 505)
0:00:19.0	(574, 213), (813, 503)
0:00:19.1	(575, 212), (817, 504)
0:00:19.2	(575, 214), (816, 506)
0:00:19.3	(579, 211), (819, 505)
0:00:19.4	(581, 215), (819, 504)
0:00:19.5	(581, 212), (819, 504)
0:00:19.6	(581, 213), (819, 506)
0:00:19.7	(583, 214), (821, 506)
0:00:19.8	(585, 213), (822, 506)
0:00:19.9	(585, 213), (822, 507)
0:00:19.10	(586, 213), (823, 507)
0:00:19.11	(586, 213), (823, 506)
0:00:19.12	(587, 213), (824, 506)
0:00:19.13	(587, 211), (824, 507)
0:00:19.14	(586, 213), (824, 507)
0:00:19.15	(586, 212), (825, 507)
0:00:19.16	(585, 210), (824, 506)
0:00:19.17	(584, 209), (824, 506)
0:00:19.18	(585, 210), (824, 506)
0:00:19.19	(584, 210), (823, 506)
0:00:19.20	(582, 209), (821, 506)
0:00:19.21	(580, 211), (820, 504)
0:00:19.22	(578, 209), (819, 503)
0:00:19.23	(577, 209), (818, 505)
0:00:19.24	(572, 211), (815, 507)
0:00:19.25	(570, 211), (812, 509)
0:00:19.26	(566, 210), (805, 509)
0:00:19.27	(561, 212), (800, 510)
0:00:19.28	(558, 212), (795, 510)
0:00:19.29	(550, 215), (788, 510)
0:00:20.0	(544, 215), (781, 511)
0:00:20.1	(542, 220), (778, 512)
0:00:20.2	(534, 217), (771, 509)
0:00:20.3	(526, 217), (762, 509)
0:00:20.4	(516, 215), (755, 509)
0:00:20.5	(505, 215), (746, 510)
0:00:20.6	(504, 214), (745, 509)
0:00:20.7	(486, 207), (725, 508)
0:00:20.8	(473, 204), (714, 508)
0:00:20.9	(462, 203), (705, 510)
0:00:20.10	(448, 198), (693, 503)
0:00:20.11	(435, 195), (683, 501)
0:00:20.12	(427, 192), (673, 501)
0:00:20.13	(409, 188), (660, 504)
0:00:20.14	(398, 189), (646, 504)
0:00:20.15	(390, 189), (638, 503)
0:00:20.16	(382, 189), (630, 501)
0:00:20.17	(372, 189), (622, 500)
0:00:20.18	(363, 190), (612, 501)
0:00:20.19	(354, 190), (600, 503)
0:00:20.20	(342, 189), (587, 503)
0:00:20.21	(335, 191), (581, 505)
0:00:20.22	(328, 194), (573, 504)
0:00:20.23	(323, 193), (567, 500)
0:00:20.24	(316, 194), (560, 498)
0:00:20.25	(307, 203), (554, 503)
0:00:20.26	(297, 199), (541, 504)
0:00:20.27	(285, 203), (526, 504)
0:00:20.28	(275, 205), (517, 506)
0:00:20.29	(263, 200), (506, 502)
0:00:21.0	(251, 205), (496, 503)
0:00:21.1	(239, 206), (484, 505)
0:00:21.2	(227, 205), (468, 505)
0:00:21.3	(211, 209), (452, 507)
0:00:21.4	(197, 204), (442, 506)
0:00:21.5	(187, 206), (433, 507)
0:00:21.6	(175, 206), (421, 507)
0:00:21.7	(157, 208), (401, 508)
0:00:21.8	(142, 208), (386, 510)
0:00:21.9	(130, 207), (376, 510)
0:00:21.10	(124, 210), (371, 508)
0:00:21.11	(112, 210), (360, 508)
0:00:21.12	(95, 213), (342, 509)
0:00:21.13	(81, 216), (326, 511)
0:00:21.14	(71, 209), (318, 511)
0:00:21.15	(63, 210), (311, 510)
0:00:21.16	(53, 209), (304, 509)
0:00:21.17	(43, 208), (295, 509)
0:00:21.18	(25, 213), (277, 510)
0:00:21.19	(11, 209), (263, 509)
0:00:21.20	(4, 208), (255, 510)
0:00:21.21	(0, 204), (249, 511)
0:00:21.22	(-1, 206), (247, 507)
0:00:21.23	(-3, 206), (242, 508)
0:00:21.24	(-5, 209), (236, 509)
0:00:21.25	(-7, 213), (228, 507)
0:00:21.26	(-10, 206), (218, 506)
0:00:21.27	(-12, 208), (211, 505)
0:00:21.28	(-13, 200), (209, 504)
0:00:21.29	(-13, 203), (205, 505)
0:00:22.0	(-14, 205), (201, 503)
0:00:22.1	(-15, 209), (195, 503)
0:00:22.2	(-3, 210), (175, 510)
0:00:22.3	(-5, 212), (170, 508)
0:00:22.4	(-5, 216), (167, 509)
0:00:22.5	(-7, 214), (160, 509)
0:00:22.6	(-7, 219), (157, 508)
0:00:22.7	(-9, 221), (152, 504)
0:00:22.8	(-9, 221), (151, 502)
0:00:22.9	(-9, 219), (148, 502)
0:00:22.10	(-9, 222), (147, 502)
0:00:22.11	(-10, 223), (146, 500)
0:00:22.12	(-10, 224), (146, 502)
0:00:22.13	(-10, 222), (146, 502)
0:00:22.14	(-10, 223), (145, 502)
0:00:22.15	(-10, 226), (145, 502)
0:00:22.16	(-10, 224), (145, 502)
0:00:22.17	(-10, 227), (145, 502)
0:00:22.18	(-10, 227), (146, 504)
0:00:22.19	(-10, 230), (148, 504)
0:00:22.20	(-10, 228), (149, 507)
0:00:22.21	(-9, 228), (153, 508)
0:00:22.22	(-7, 227), (161, 509)
0:00:22.23	(-5, 229), (169, 506)
0:00:22.24	(-4, 223), (175, 504)
0:00:22.25	(-14, 215), (199, 501)
0:00:22.26	(-14, 217), (207, 501)
0:00:22.27	(-13, 213), (211, 502)
0:00:22.28	(-9, 214), (225, 504)
0:00:22.29	(-5, 217), (236, 505)
0:00:23.0	(-1, 203), (247, 501)
0:00:23.1	(2, 203), (253, 499)
0:00:23.2	(16, 207), (265, 500)
0:00:23.3	(32, 203), (286, 496)
0:00:23.4	(53, 198), (305, 496)
0:00:23.5	(64, 197), (314, 494)
0:00:23.6	(84, 199), (331, 495)
0:00:23.7	(102, 199), (352, 494)
0:00:23.8	(122, 198), (370, 487)
0:00:23.9	(138, 194), (385, 492)
0:00:23.10	(157, 196), (402, 491)
0:00:23.11	(176, 198), (426, 492)
0:00:23.12	(190, 195), (438, 489)
0:00:23.13	(205, 199), (449, 495)
0:00:23.14	(221, 197), (464, 495)
0:00:23.15	(237, 205), (483, 497)
0:00:23.16	(251, 202), (497, 495)
0:00:23.17	(265, 208), (507, 497)
0:00:23.18	(280, 209), (520, 500)
0:00:23.19	(295, 213), (536, 498)
0:00:23.20	(309, 210), (552, 498)
0:00:23.21	(324, 209), (566, 497)
0:00:23.22	(332, 210), (573, 501)
0:00:23.23	(349, 212), (588, 504)
0:00:23.24	(362, 214), (603, 505)
0:00:23.25	(376, 216), (617, 505)
0:00:23.26	(387, 221), (628, 506)
0:00:23.27	(399, 221), (637, 510)
0:00:23.28	(415, 222), (652, 509)
0:00:23.29	(430, 227), (664, 509)
0:00:24.0	(441, 227), (679, 514)
0:00:24.1	(460, 250), (696, 520)
0:00:24.2	(472, 239), (704, 515)
0:00:24.3	(484, 242), (717, 520)
0:00:24.4	(497, 245), (730, 520)
0:00:24.5	(512, 255), (749, 532)
0:00:24.6	(526, 260), (762, 534)
0:00:24.7	(538, 261), (771, 534)
0:00:24.8	(548, 263), (779, 527)
0:00:24.9	(559, 271), (791, 540)
0:00:24.10	(568, 276), (802, 541)
0:00:24.11	(581, 276), (815, 549)
0:00:24.12	(598, 276), (829, 548)
0:00:24.13	(602, 277), (833, 547)
0:00:24.14	(610, 282), (840, 533)
0:00:24.15	(615, 284), (846, 527)
0:00:24.16	(619, 286), (851, 556)
0:00:24.17	(625, 291), (854, 552)
0:00:24.18	(629, 290), (860, 550)
0:00:24.19	(629, 292), (862, 557)
0:00:24.20	(631, 290), (865, 566)
0:00:24.21	(632, 289), (865, 555)
0:00:24.22	(632, 286), (867, 568)
0:00:24.23	(631, 281), (867, 574)
0:00:24.24	(633, 281), (871, 566)
0:00:24.25	(631, 274), (869, 562)
0:00:24.26	(632, 270), (871, 565)
0:00:24.27	(629, 265), (870, 581)
0:00:24.28	(625, 258), (869, 582)
0:00:24.29	(617, 249), (867, 543)
0:00:25.0	(618, 245), (870, 544)
0:00:25.1	(614, 232), (869, 546)
0:00:25.2	(614, 223), (869, 542)
0:00:25.3	(614, 213), (870, 548)
0:00:25.4	(608, 211), (868, 560)
0:00:25.5	(607, 205), (868, 554)
0:00:25.6	(603, 203), (866, 553)
0:00:25.7	(602, 199), (867, 546)
0:00:25.8	(599, 195), (864, 541)
0:00:25.9	(600, 191), (865, 535)
0:00:25.10	(602, 182), (868, 511)
0:00:25.11	(598, 181), (864, 511)
0:00:25.12	(598, 175), (864, 511)
0:00:25.13	(599, 169), (866, 510)
0:00:25.14	(597, 161), (865, 509)
0:00:25.15	(598, 162), (866, 507)
0:00:25.16	(598, 156), (866, 506)
0:00:25.17	(597, 156), (866, 504)
0:00:25.18	(600, 149), (868, 506)
0:00:25.19	(601, 149), (868, 506)
0:00:25.20	(605, 143), (871, 505)
0:00:25.21	(610, 141), (874, 506)
0:00:25.22	(615, 140), (876, 504)
0:00:25.23	(616, 138), (878, 507)
0:00:25.24	(614, 137), (878, 508)
0:00:25.25	(617, 138), (879, 508)
0:00:25.26	(615, 139), (877, 504)
0:00:25.27	(615, 142), (877, 506)
0:00:25.28	(615, 146), (876, 505)
0:00:25.29	(616, 146), (877, 506)
0:00:26.0	(615, 153), (876, 507)
0:00:26.1	(613, 153), (875, 507)
0:00:26.2	(614, 158), (875, 507)
0:00:26.3	(617, 160), (876, 507)
0:00:26.4	(617, 167), (875, 507)
0:00:26.5	(614, 173), (871, 506)
0:00:26.6	(612, 174), (868, 506)
0:00:26.7	(608, 178), (864, 504)
0:00:26.8	(605, 190), (858, 525)
0:00:26.9	(607, 191), (859, 521)
0:00:26.10	(598, 182), (863, 538)
0:00:26.11	(609, 205), (851, 488)
0:00:26.14	(665, 244), (845, 528)
0:00:26.15	(652, 241), (842, 523)
0:00:26.16	(632, 206), (857, 517)
0:00:26.17	(631, 228), (860, 534)
0:00:26.18	(620, 224), (856, 532)
0:00:26.19	(620, 209), (850, 519)
0:00:26.20	(620, 211), (851, 518)
0:00:26.21	(616, 219), (849, 518)
0:00:26.22	(614, 219), (848, 518)
0:00:26.23	(613, 216), (850, 519)
0:00:26.24	(615, 214), (853, 517)
0:00:26.25	(615, 216), (853, 517)
0:00:26.26	(615, 217), (853, 520)
0:00:26.27	(615, 215), (854, 521)
0:00:26.28	(615, 215), (855, 520)
0:00:26.29	(616, 213), (855, 517)
0:00:27.0	(616, 214), (855, 518)
0:00:27.1	(614, 212), (855, 519)
0:00:27.2	(614, 211), (854, 519)
0:00:27.3	(615, 211), (856, 522)
0:00:27.4	(615, 211), (856, 522)
0:00:27.5	(614, 212), (856, 522)
0:00:27.6	(614, 214), (855, 520)
0:00:27.7	(614, 214), (856, 521)
0:00:27.8	(613, 213), (854, 521)
0:00:27.9	(613, 213), (854, 521)
0:00:27.10	(613, 214), (852, 521)
0:00:27.11	(614, 213), (853, 521)
0:00:27.12	(613, 215), (852, 521)
0:00:27.13	(612, 215), (851, 523)
0:00:27.14	(612, 216), (853, 518)
0:00:27.15	(612, 218), (852, 518)
0:00:27.16	(613, 215), (850, 516)
0:00:27.17	(622, 219), (858, 520)
0:00:27.18	(619, 232), (850, 538)
0:00:27.24	(615, 213), (847, 486)
0:00:27.25	(615, 212), (853, 514)
0:00:27.26	(618, 213), (856, 513)
0:00:27.27	(619, 212), (858, 514)
0:00:27.28	(619, 211), (860, 512)
0:00:27.29	(621, 211), (861, 513)
0:00:28.0	(621, 210), (862, 514)
0:00:28.1	(622, 209), (862, 513)
0:00:28.2	(623, 208), (864, 512)
0:00:28.3	(622, 209), (865, 515)
0:00:28.4	(621, 208), (865, 514)
0:00:28.5	(621, 207), (865, 514)
0:00:28.6	(623, 208), (866, 514)
0:00:28.7	(622, 207), (865, 514)
0:00:28.8	(622, 208), (864, 512)
0:00:28.9	(622, 208), (864, 514)
0:00:28.10	(620, 207), (862, 515)
0:00:28.11	(621, 207), (863, 514)
0:00:28.12	(618, 208), (860, 513)
0:00:28.13	(617, 206), (860, 516)
0:00:28.14	(618, 206), (861, 516)
0:00:28.15	(618, 205), (861, 515)
0:00:28.16	(617, 206), (860, 513)
0:00:28.17	(615, 205), (859, 513)
0:00:28.18	(615, 202), (859, 512)
0:00:28.19	(615, 200), (860, 514)
0:00:28.20	(616, 201), (860, 515)
0:00:28.21	(616, 201), (860, 511)
0:00:28.22	(615, 201), (859, 512)
0:00:28.23	(615, 201), (859, 514)
0:00:28.24	(616, 201), (860, 515)
0:00:28.25	(616, 201), (860, 514)
0:00:28.26	(613, 200), (859, 513)
0:00:28.27	(613, 199), (859, 515)
0:00:28.28	(612, 198), (859, 511)
0:00:28.29	(611, 197), (858, 511)
0:00:29.0	(609, 194), (858, 512)
0:00:29.1	(609, 196), (857, 510)
0:00:29.2	(608, 194), (857, 510)
0:00:29.3	(608, 195), (856, 511)
0:00:29.4	(608, 194), (857, 514)
0:00:29.5	(611, 194), (860, 520)
0:00:29.6	(612, 195), (861, 520)
0:00:29.7	(613, 199), (864, 525)
0:00:29.8	(616, 198), (867, 526)
0:00:29.9	(615, 198), (867, 524)
0:00:29.10	(616, 198), (868, 525)
0:00:29.11	(619, 201), (870, 525)
0:00:29.12	(621, 201), (874, 527)
0:00:29.13	(621, 202), (874, 526)
0:00:29.14	(622, 204), (874, 527)
0:00:29.15	(621, 205), (874, 529)
0:00:29.16	(622, 205), (875, 529)
0:00:29.17	(623, 205), (875, 529)
0:00:29.18	(622, 205), (875, 529)
0:00:29.19	(622, 204), (875, 527)
