0:00:00.6	(1242, 396), (1563, 772)
0:00:00.7	(1242, 396), (1563, 772)
0:00:00.8	(1244, 396), (1564, 772)
0:00:00.9	(1248, 396), (1564, 769)
0:00:00.10	(1250, 396), (1564, 764)
0:00:00.11	(1255, 397), (1566, 764)
0:00:00.12	(1259, 396), (1567, 764)
0:00:00.13	(1259, 396), (1567, 764)
0:00:00.14	(1262, 395), (1569, 760)
0:00:00.15	(1262, 396), (1566, 762)
0:00:00.16	(1257, 261), (1562, 638)
0:00:00.17	(1262, 396), (1565, 753)
0:00:00.18	(1262, 396), (1563, 753)
0:00:00.19	(1262, 396), (1563, 753)
0:00:00.20	(1261, 397), (1562, 752)
0:00:00.21	(1260, 397), (1562, 744)
0:00:00.22	(1254, 399), (1558, 742)
0:00:00.23	(1252, 396), (1551, 740)
0:00:00.24	(1241, 331), (1532, 736)
0:00:00.25	(1241, 331), (1532, 736)
0:00:00.26	(1235, 253), (1526, 642)
0:00:00.27	(1234, 333), (1527, 723)
0:00:00.28	(1232, 331), (1526, 720)
0:00:01.0	(1229, 332), (1523, 714)
0:00:01.1	(1230, 333), (1523, 713)
0:00:01.2	(1230, 247), (1518, 640)
0:00:01.3	(1227, 333), (1521, 714)
0:00:01.4	(1231, 333), (1522, 705)
0:00:01.5	(1228, 332), (1522, 706)
0:00:01.6	(1227, 332), (1523, 704)
0:00:01.7	(1228, 333), (1523, 702)
0:00:01.8	(1228, 333), (1523, 702)
0:00:01.9	(1230, 334), (1524, 701)
0:00:01.10	(1227, 333), (1523, 698)
0:00:01.11	(1227, 332), (1523, 699)
0:00:01.12	(1227, 332), (1524, 698)
0:00:01.13	(1226, 332), (1525, 691)
0:00:01.14	(1226, 332), (1524, 692)
0:00:01.15	(1224, 333), (1523, 690)
0:00:01.16	(1223, 333), (1521, 685)
0:00:01.17	(1223, 333), (1521, 683)
0:00:01.18	(1220, 332), (1521, 680)
0:00:01.19	(1220, 332), (1519, 679)
0:00:01.20	(1220, 332), (1519, 679)
0:00:01.21	(1221, 332), (1520, 680)
0:00:01.22	(1220, 333), (1520, 685)
0:00:01.23	(1217, 333), (1516, 691)
0:00:01.25	(1201, 335), (1512, 697)
0:00:01.26	(1201, 335), (1512, 697)
0:00:01.27	(1216, 200), (1501, 563)
0:00:02.0	(1204, 331), (1503, 714)
0:00:02.5	(1183, 333), (1480, 734)
0:00:02.7	(1159, 398), (1465, 752)
0:00:02.8	(1152, 395), (1457, 759)
0:00:02.9	(1152, 395), (1457, 759)
0:00:02.11	(1146, 396), (1451, 772)
0:00:02.12	(1135, 397), (1440, 781)
0:00:02.13	(1132, 397), (1430, 783)
0:00:02.14	(1130, 397), (1431, 791)
0:00:02.15	(1130, 397), (1431, 791)
0:00:02.16	(1132, 459), (1430, 803)
0:00:02.17	(1130, 462), (1429, 811)
0:00:02.18	(1127, 462), (1429, 817)
0:00:02.19	(1122, 462), (1425, 822)
0:00:02.20	(1123, 462), (1425, 827)
0:00:02.21	(1123, 462), (1424, 827)
0:00:02.22	(1121, 463), (1424, 829)
0:00:02.23	(1120, 463), (1419, 831)
0:00:02.24	(1118, 463), (1414, 834)
0:00:02.25	(1116, 463), (1412, 835)
0:00:02.26	(1115, 464), (1410, 832)
0:00:02.27	(1116, 463), (1410, 834)
0:00:02.28	(1115, 464), (1408, 832)
0:00:03.0	(1114, 464), (1405, 832)
0:00:03.1	(1113, 463), (1404, 834)
0:00:03.2	(1112, 463), (1404, 832)
0:00:03.3	(1113, 463), (1406, 831)
0:00:03.4	(1113, 463), (1406, 831)
0:00:03.5	(1108, 461), (1402, 829)
0:00:03.6	(1109, 461), (1405, 824)
0:00:03.7	(1105, 461), (1404, 818)
0:00:03.8	(1111, 460), (1406, 813)
0:00:03.9	(1114, 461), (1407, 805)
0:00:03.10	(1114, 461), (1407, 805)
0:00:03.11	(1112, 458), (1408, 795)
0:00:03.12	(1109, 396), (1400, 782)
0:00:03.13	(1108, 397), (1402, 778)
0:00:03.14	(1110, 395), (1408, 769)
0:00:03.15	(1113, 401), (1414, 766)
0:00:03.16	(1113, 401), (1414, 766)
0:00:03.17	(1125, 400), (1428, 767)
0:00:03.18	(1124, 396), (1425, 767)
0:00:03.19	(1117, 327), (1423, 754)
0:00:03.20	(1126, 399), (1427, 750)
0:00:03.21	(1127, 332), (1433, 738)
0:00:03.22	(1127, 332), (1433, 737)
0:00:03.23	(1129, 332), (1437, 730)
0:00:03.24	(1135, 331), (1442, 727)
0:00:03.27	(1153, 331), (1457, 718)
0:00:03.28	(1153, 331), (1457, 718)
0:00:04.0	(1161, 270), (1462, 678)
0:00:04.2	(1219, 287), (1481, 593)
0:00:05.8	(1159, 399), (1480, 775)
0:00:05.9	(1163, 398), (1482, 774)
0:00:05.10	(1170, 399), (1485, 776)
0:00:05.11	(1174, 399), (1487, 775)
0:00:05.12	(1176, 399), (1486, 774)
0:00:05.13	(1179, 399), (1487, 776)
0:00:05.14	(1184, 399), (1490, 777)
0:00:05.15	(1183, 399), (1490, 776)
0:00:05.16	(1186, 399), (1491, 778)
0:00:05.17	(1189, 398), (1493, 783)
0:00:05.18	(1189, 398), (1493, 783)
0:00:05.19	(1192, 463), (1495, 796)
0:00:05.20	(1202, 464), (1499, 803)
0:00:05.21	(1210, 464), (1509, 812)
0:00:05.22	(1213, 461), (1513, 821)
0:00:05.23	(1221, 460), (1522, 838)
0:00:05.24	(1221, 460), (1522, 838)
0:00:05.25	(1223, 460), (1525, 837)
0:00:05.26	(1227, 459), (1527, 841)
0:00:05.27	(1230, 460), (1525, 846)
0:00:05.28	(1231, 458), (1529, 859)
0:00:06.0	(1229, 527), (1533, 870)
0:00:06.1	(1229, 527), (1533, 870)
0:00:06.2	(1238, 458), (1537, 863)
0:00:06.3	(1240, 458), (1543, 861)
0:00:06.4	(1241, 459), (1543, 858)
0:00:06.5	(1241, 461), (1542, 853)
0:00:06.6	(1243, 461), (1548, 847)
0:00:06.7	(1242, 461), (1545, 846)
0:00:06.8	(1245, 463), (1553, 845)
0:00:06.9	(1248, 463), (1552, 839)
0:00:06.10	(1250, 462), (1554, 836)
0:00:06.11	(1252, 461), (1557, 833)
0:00:06.12	(1255, 462), (1558, 828)
0:00:06.13	(1255, 462), (1558, 828)
0:00:06.14	(1255, 461), (1557, 826)
0:00:06.15	(1257, 462), (1555, 822)
0:00:06.16	(1256, 465), (1556, 812)
0:00:06.17	(1258, 464), (1559, 805)
0:00:06.18	(1252, 402), (1555, 788)
0:00:06.19	(1252, 402), (1555, 788)
0:00:06.21	(1264, 411), (1563, 777)
0:00:06.22	(1260, 397), (1563, 776)
0:00:06.27	(1249, 279), (1562, 702)
0:00:07.3	(1287, 276), (1572, 697)
0:00:07.5	(1234, 278), (1545, 634)
0:00:08.8	(1111, 399), (1443, 775)
0:00:08.9	(1111, 399), (1443, 775)
0:00:08.10	(1113, 400), (1444, 776)
0:00:08.11	(1112, 398), (1445, 779)
0:00:08.12	(1113, 399), (1445, 776)
0:00:08.13	(1107, 398), (1444, 764)
0:00:08.14	(1110, 401), (1445, 777)
0:00:08.15	(1110, 401), (1444, 777)
0:00:08.22	(1107, 399), (1447, 778)
0:00:08.23	(1106, 400), (1444, 781)
0:00:08.24	(1107, 401), (1446, 782)
0:00:08.25	(1106, 401), (1447, 778)
0:00:08.26	(1106, 401), (1447, 782)
0:00:08.27	(1106, 401), (1447, 782)
0:00:09.25	(1366, 276), (1596, 559)
0:00:09.25	(587, 355), (782, 597)
0:00:09.25	(266, 183), (461, 431)
0:00:09.25	(910, 184), (1099, 437)
0:00:09.26	(1366, 276), (1596, 559)
0:00:09.26	(587, 355), (782, 597)
0:00:09.26	(266, 183), (461, 431)
0:00:09.26	(910, 184), (1099, 437)
0:00:09.27	(1366, 276), (1596, 559)
0:00:09.27	(587, 355), (782, 597)
0:00:09.27	(266, 183), (461, 431)
0:00:09.27	(910, 184), (1099, 437)
0:00:09.28	(1366, 276), (1596, 559)
0:00:09.28	(587, 355), (782, 597)
0:00:09.28	(266, 183), (461, 431)
0:00:09.28	(910, 184), (1099, 437)
0:00:10.0	(1366, 276), (1596, 559)
0:00:10.0	(587, 355), (782, 597)
0:00:10.0	(266, 183), (461, 431)
0:00:10.0	(910, 184), (1099, 437)
0:00:10.1	(1366, 276), (1596, 559)
0:00:10.1	(587, 355), (782, 597)
0:00:10.1	(266, 183), (461, 431)
0:00:10.1	(910, 184), (1099, 437)
0:00:10.2	(1366, 276), (1596, 559)
0:00:10.2	(587, 355), (782, 597)
0:00:10.2	(266, 183), (461, 431)
0:00:10.2	(910, 184), (1099, 437)
0:00:10.3	(1371, 276), (1602, 560)
0:00:10.3	(586, 356), (781, 598)
0:00:10.3	(266, 183), (461, 431)
0:00:10.3	(911, 185), (1101, 436)
0:00:10.4	(1375, 276), (1607, 564)
0:00:10.4	(571, 355), (797, 601)
0:00:10.4	(266, 183), (461, 435)
0:00:10.4	(914, 184), (1104, 437)
0:00:10.5	(1375, 276), (1607, 565)
0:00:10.5	(571, 355), (797, 600)
0:00:10.5	(266, 183), (461, 435)
0:00:10.5	(914, 185), (1104, 438)
0:00:10.6	(1380, 276), (1612, 566)
0:00:10.6	(571, 356), (797, 604)
0:00:10.6	(264, 184), (460, 437)
0:00:10.6	(916, 184), (1107, 442)
0:00:10.7	(1385, 278), (1616, 570)
0:00:10.7	(586, 355), (782, 606)
0:00:10.7	(265, 184), (460, 439)
0:00:10.7	(917, 184), (1107, 441)
0:00:10.8	(246, 183), (472, 441)
0:00:10.8	(1388, 279), (1619, 571)
0:00:10.8	(571, 353), (796, 604)
0:00:10.8	(918, 184), (1110, 441)
0:00:10.9	(243, 182), (470, 441)
0:00:10.9	(1390, 279), (1621, 571)
0:00:10.9	(569, 353), (795, 604)
0:00:10.9	(918, 185), (1110, 441)
0:00:10.10	(242, 183), (468, 442)
0:00:10.10	(1392, 282), (1623, 572)
0:00:10.10	(584, 358), (780, 605)
0:00:10.10	(918, 185), (1111, 441)
0:00:10.11	(242, 183), (468, 443)
0:00:10.11	(1392, 283), (1623, 572)
0:00:10.11	(584, 355), (780, 604)
0:00:10.11	(918, 185), (1111, 441)
0:00:10.12	(241, 183), (468, 445)
0:00:10.12	(1395, 285), (1627, 572)
0:00:10.12	(570, 355), (796, 604)
0:00:10.12	(920, 186), (1112, 444)
0:00:10.13	(240, 184), (466, 445)
0:00:10.13	(1398, 286), (1631, 574)
0:00:10.13	(570, 355), (795, 606)
0:00:10.13	(922, 185), (1115, 442)
0:00:10.14	(240, 184), (468, 446)
0:00:10.14	(1400, 289), (1636, 574)
0:00:10.14	(569, 356), (796, 612)
0:00:10.14	(924, 185), (1118, 442)
0:00:10.15	(239, 185), (467, 446)
0:00:10.15	(1402, 290), (1639, 575)
0:00:10.15	(571, 360), (797, 613)
0:00:10.15	(925, 186), (1118, 443)
0:00:10.16	(238, 184), (466, 446)
0:00:10.16	(1406, 291), (1645, 576)
0:00:10.16	(571, 360), (797, 611)
0:00:10.17	(238, 185), (466, 447)
0:00:10.17	(1406, 291), (1646, 576)
0:00:10.17	(572, 359), (798, 610)
0:00:10.18	(239, 185), (467, 447)
0:00:10.18	(1407, 289), (1647, 576)
0:00:10.18	(571, 359), (797, 613)
0:00:10.19	(237, 185), (465, 448)
0:00:10.19	(1411, 288), (1652, 576)
0:00:10.19	(570, 358), (797, 614)
0:00:10.19	(914, 195), (1138, 455)
0:00:10.20	(236, 195), (467, 454)
0:00:10.20	(914, 195), (1138, 457)
0:00:10.20	(1416, 289), (1656, 577)
0:00:10.20	(571, 358), (798, 616)
0:00:10.21	(235, 197), (466, 453)
0:00:10.21	(914, 194), (1140, 454)
0:00:10.21	(1419, 288), (1657, 577)
0:00:10.21	(570, 361), (795, 618)
0:00:10.22	(232, 196), (465, 455)
0:00:10.22	(915, 195), (1142, 455)
0:00:10.22	(1419, 288), (1658, 578)
0:00:10.22	(568, 358), (794, 619)
0:00:10.23	(232, 196), (465, 454)
0:00:10.23	(915, 195), (1142, 454)
0:00:10.23	(1419, 287), (1658, 577)
0:00:10.23	(569, 357), (795, 619)
0:00:10.24	(231, 186), (461, 449)
0:00:10.24	(915, 195), (1143, 457)
0:00:10.24	(1424, 287), (1662, 579)
0:00:10.24	(568, 358), (795, 620)
0:00:10.25	(230, 186), (460, 449)
0:00:10.25	(916, 194), (1145, 458)
0:00:10.25	(1426, 286), (1665, 580)
0:00:10.25	(569, 358), (795, 621)
0:00:10.26	(230, 186), (460, 450)
0:00:10.26	(918, 194), (1146, 458)
0:00:10.26	(1427, 286), (1667, 583)
0:00:10.26	(568, 357), (794, 620)
0:00:10.27	(227, 197), (462, 458)
0:00:10.27	(918, 193), (1148, 464)
0:00:10.27	(1430, 289), (1670, 586)
0:00:10.27	(567, 353), (794, 620)
0:00:10.28	(227, 196), (463, 458)
0:00:10.28	(919, 193), (1150, 460)
0:00:10.28	(1431, 287), (1671, 584)
0:00:10.28	(568, 352), (797, 622)
0:00:11.0	(227, 196), (463, 458)
0:00:11.0	(919, 193), (1150, 460)
0:00:11.0	(1431, 287), (1671, 584)
0:00:11.0	(568, 352), (797, 622)
0:00:11.1	(225, 199), (462, 462)
0:00:11.1	(920, 193), (1152, 460)
0:00:11.1	(1435, 285), (1675, 586)
0:00:11.1	(566, 352), (795, 620)
0:00:11.2	(919, 184), (1148, 454)
0:00:11.2	(225, 198), (463, 464)
0:00:11.2	(1437, 287), (1677, 587)
0:00:11.2	(567, 350), (796, 620)
0:00:11.3	(921, 184), (1150, 455)
0:00:11.3	(225, 198), (462, 464)
0:00:11.3	(1440, 289), (1681, 587)
0:00:11.3	(566, 348), (796, 619)
0:00:11.4	(923, 184), (1153, 453)
0:00:11.4	(225, 198), (462, 464)
0:00:11.4	(1442, 290), (1684, 587)
0:00:11.4	(566, 347), (796, 621)
0:00:11.5	(923, 184), (1153, 451)
0:00:11.5	(224, 196), (460, 464)
0:00:11.5	(1444, 289), (1685, 586)
0:00:11.5	(565, 345), (795, 620)
0:00:11.6	(923, 184), (1153, 451)
0:00:11.6	(224, 196), (460, 465)
0:00:11.6	(1444, 289), (1685, 586)
0:00:11.6	(566, 345), (796, 619)
0:00:11.7	(925, 184), (1155, 452)
0:00:11.7	(225, 197), (461, 466)
0:00:11.7	(1445, 290), (1687, 585)
0:00:11.7	(565, 342), (794, 622)
0:00:11.8	(926, 184), (1157, 449)
0:00:11.8	(224, 198), (461, 466)
0:00:11.8	(1448, 287), (1690, 582)
0:00:11.8	(564, 340), (794, 622)
0:00:11.9	(927, 184), (1158, 449)
0:00:11.9	(224, 197), (462, 466)
0:00:11.9	(1450, 288), (1692, 584)
0:00:11.9	(564, 339), (794, 621)
0:00:11.10	(928, 184), (1158, 450)
0:00:11.10	(224, 197), (462, 465)
0:00:11.10	(1454, 286), (1696, 584)
0:00:11.10	(560, 335), (792, 623)
0:00:11.11	(930, 184), (1160, 450)
0:00:11.11	(224, 194), (463, 465)
0:00:11.11	(1458, 285), (1703, 584)
0:00:11.11	(559, 331), (791, 622)
0:00:11.12	(931, 184), (1161, 449)
0:00:11.12	(224, 194), (462, 465)
0:00:11.12	(1458, 285), (1703, 584)
0:00:11.12	(559, 331), (791, 622)
0:00:11.13	(932, 184), (1161, 448)
0:00:11.13	(224, 194), (462, 466)
0:00:11.13	(1459, 285), (1704, 585)
0:00:11.13	(558, 330), (791, 621)
0:00:11.14	(933, 184), (1161, 452)
0:00:11.14	(223, 195), (461, 466)
0:00:11.14	(1460, 285), (1706, 586)
0:00:11.14	(556, 329), (789, 624)
0:00:11.15	(226, 185), (459, 452)
0:00:11.15	(932, 185), (1161, 452)
0:00:11.15	(1460, 283), (1705, 583)
0:00:11.15	(553, 328), (786, 627)
0:00:11.16	(225, 185), (458, 450)
0:00:11.16	(933, 185), (1162, 452)
0:00:11.16	(1462, 282), (1708, 584)
0:00:11.16	(550, 327), (784, 627)
0:00:11.17	(225, 186), (459, 451)
0:00:11.17	(934, 185), (1162, 454)
0:00:11.17	(1464, 282), (1711, 587)
0:00:11.17	(548, 324), (783, 628)
0:00:11.18	(225, 186), (459, 450)
0:00:11.18	(934, 185), (1162, 454)
0:00:11.18	(1464, 282), (1711, 586)
0:00:11.18	(549, 324), (784, 628)
0:00:11.19	(226, 185), (460, 451)
0:00:11.19	(937, 185), (1163, 460)
0:00:11.19	(1465, 281), (1712, 584)
0:00:11.19	(548, 326), (783, 628)
0:00:11.20	(226, 186), (460, 452)
0:00:11.20	(939, 185), (1166, 458)
0:00:11.20	(1466, 281), (1713, 586)
0:00:11.20	(547, 323), (782, 628)
0:00:11.21	(226, 185), (461, 452)
0:00:11.21	(942, 185), (1169, 459)
0:00:11.21	(1468, 280), (1715, 589)
0:00:11.21	(547, 323), (782, 628)
0:00:11.22	(226, 185), (461, 454)
0:00:11.22	(945, 184), (1172, 454)
0:00:11.22	(1469, 280), (1716, 587)
0:00:11.22	(547, 323), (781, 628)
0:00:11.23	(225, 185), (459, 452)
0:00:11.23	(944, 184), (1171, 455)
0:00:11.23	(1469, 281), (1717, 587)
0:00:11.23	(542, 322), (779, 628)
0:00:11.24	(225, 185), (459, 451)
0:00:11.24	(944, 184), (1171, 455)
0:00:11.24	(1469, 281), (1717, 586)
0:00:11.24	(541, 322), (778, 628)
0:00:11.25	(225, 186), (458, 451)
0:00:11.25	(944, 184), (1172, 458)
0:00:11.25	(1469, 280), (1717, 586)
0:00:11.25	(540, 320), (777, 629)
0:00:11.26	(224, 186), (457, 450)
0:00:11.26	(944, 191), (1174, 475)
0:00:11.26	(1469, 278), (1716, 588)
0:00:11.26	(536, 319), (775, 629)
0:00:11.27	(226, 186), (459, 453)
0:00:11.27	(945, 192), (1176, 477)
0:00:11.27	(1470, 280), (1718, 591)
0:00:11.27	(538, 321), (776, 628)
0:00:11.28	(225, 186), (459, 456)
0:00:11.28	(947, 192), (1179, 476)
0:00:11.28	(1471, 281), (1718, 591)
0:00:11.28	(538, 321), (776, 631)
0:00:12.0	(225, 185), (460, 456)
0:00:12.0	(948, 194), (1180, 471)
0:00:12.0	(1473, 283), (1721, 591)
0:00:12.0	(538, 321), (776, 631)
0:00:12.1	(225, 185), (460, 457)
0:00:12.1	(948, 194), (1180, 471)
0:00:12.1	(1473, 283), (1721, 591)
0:00:12.1	(537, 321), (775, 631)
0:00:12.2	(226, 186), (459, 457)
0:00:12.2	(949, 193), (1182, 479)
0:00:12.2	(1474, 283), (1722, 591)
0:00:12.2	(538, 321), (775, 630)
0:00:12.3	(224, 195), (462, 469)
0:00:12.3	(948, 194), (1181, 476)
0:00:12.3	(1475, 283), (1724, 591)
0:00:12.3	(534, 320), (772, 632)
0:00:12.4	(222, 195), (459, 476)
0:00:12.4	(949, 196), (1182, 483)
0:00:12.4	(1476, 287), (1726, 593)
0:00:12.4	(530, 319), (769, 633)
0:00:12.5	(222, 195), (459, 472)
0:00:12.5	(950, 195), (1184, 485)
0:00:12.5	(1479, 286), (1729, 593)
0:00:12.5	(531, 320), (769, 633)
0:00:12.6	(223, 196), (460, 470)
0:00:12.6	(950, 195), (1184, 485)
0:00:12.6	(1480, 286), (1730, 593)
0:00:12.6	(532, 320), (769, 632)
0:00:12.7	(222, 196), (459, 471)
0:00:12.7	(950, 195), (1185, 484)
0:00:12.7	(1483, 283), (1730, 601)
0:00:12.7	(530, 320), (768, 633)
0:00:12.8	(223, 196), (459, 474)
0:00:12.8	(951, 198), (1186, 484)
0:00:12.8	(1485, 285), (1731, 601)
0:00:12.8	(529, 319), (767, 632)
0:00:12.9	(222, 197), (457, 473)
0:00:12.9	(950, 200), (1185, 481)
0:00:12.9	(1482, 286), (1729, 604)
0:00:12.9	(529, 318), (764, 631)
0:00:12.10	(220, 195), (456, 470)
0:00:12.10	(949, 200), (1183, 486)
0:00:12.10	(1479, 291), (1729, 600)
0:00:12.10	(526, 318), (761, 628)
0:00:12.11	(219, 195), (456, 465)
0:00:12.11	(949, 201), (1183, 488)
0:00:12.11	(1480, 288), (1729, 608)
0:00:12.11	(523, 317), (758, 627)
0:00:12.12	(219, 195), (456, 464)
0:00:12.12	(949, 201), (1184, 488)
0:00:12.12	(1480, 288), (1729, 608)
0:00:12.12	(523, 317), (758, 627)
0:00:12.13	(221, 198), (455, 464)
0:00:12.13	(950, 201), (1186, 488)
0:00:12.13	(1484, 289), (1732, 605)
0:00:12.13	(522, 316), (758, 626)
0:00:12.14	(224, 197), (460, 468)
0:00:12.14	(953, 202), (1189, 481)
0:00:12.14	(1487, 297), (1732, 608)
0:00:12.14	(520, 315), (757, 626)
0:00:12.15	(225, 200), (460, 471)
0:00:12.15	(956, 204), (1191, 480)
0:00:12.15	(1491, 296), (1734, 606)
0:00:12.15	(521, 316), (759, 626)
0:00:12.16	(225, 204), (458, 475)
0:00:12.16	(958, 205), (1194, 483)
0:00:12.16	(1491, 299), (1734, 607)
0:00:12.16	(517, 318), (755, 623)
0:00:12.17	(224, 205), (458, 467)
0:00:12.17	(959, 206), (1195, 483)
0:00:12.17	(1490, 300), (1735, 609)
0:00:12.17	(517, 318), (754, 618)
0:00:12.18	(224, 203), (458, 471)
0:00:12.18	(959, 207), (1194, 482)
0:00:12.18	(1490, 299), (1735, 609)
0:00:12.18	(517, 318), (754, 614)
0:00:12.19	(224, 206), (456, 469)
0:00:12.19	(959, 209), (1194, 481)
0:00:12.19	(1490, 299), (1736, 611)
0:00:12.19	(513, 321), (751, 609)
0:00:12.20	(223, 207), (453, 467)
0:00:12.20	(961, 212), (1194, 482)
0:00:12.20	(1491, 300), (1736, 616)
0:00:12.20	(509, 329), (747, 606)
0:00:12.21	(220, 207), (450, 479)
0:00:12.21	(961, 215), (1195, 492)
0:00:12.21	(1492, 303), (1737, 616)
0:00:12.21	(507, 325), (747, 606)
0:00:12.22	(221, 209), (447, 478)
0:00:12.22	(962, 215), (1195, 489)
0:00:12.22	(1494, 308), (1741, 620)
0:00:12.22	(505, 327), (746, 614)
0:00:12.23	(222, 207), (449, 476)
0:00:12.23	(964, 217), (1197, 490)
0:00:12.23	(501, 326), (744, 614)
0:00:12.23	(1492, 322), (1739, 634)
0:00:12.24	(222, 207), (449, 476)
0:00:12.24	(964, 217), (1197, 490)
0:00:12.24	(501, 326), (744, 614)
0:00:12.24	(1492, 322), (1739, 634)
0:00:12.25	(221, 211), (448, 473)
0:00:12.25	(963, 220), (1196, 491)
0:00:12.25	(494, 326), (740, 610)
0:00:12.25	(1491, 322), (1739, 632)
0:00:12.26	(217, 211), (444, 474)
0:00:12.26	(961, 220), (1195, 492)
0:00:12.26	(490, 330), (735, 613)
0:00:12.26	(1491, 323), (1739, 633)
0:00:12.27	(216, 210), (444, 469)
0:00:12.27	(961, 220), (1195, 493)
0:00:12.27	(487, 327), (735, 615)
0:00:12.27	(1491, 316), (1738, 634)
0:00:12.28	(216, 211), (444, 466)
0:00:12.28	(962, 219), (1196, 494)
0:00:12.28	(488, 327), (736, 621)
0:00:12.28	(1494, 319), (1742, 635)
0:00:13.0	(214, 207), (443, 468)
0:00:13.0	(964, 222), (1196, 492)
0:00:13.0	(489, 329), (737, 614)
0:00:13.0	(1493, 319), (1740, 634)
0:00:13.1	(215, 207), (446, 468)
0:00:13.1	(964, 222), (1196, 492)
0:00:13.1	(490, 330), (738, 612)
0:00:13.1	(1495, 320), (1742, 635)
0:00:13.2	(212, 208), (443, 470)
0:00:13.2	(965, 222), (1197, 493)
0:00:13.2	(491, 331), (739, 612)
0:00:13.2	(1495, 320), (1744, 636)
0:00:13.3	(966, 223), (1197, 495)
0:00:13.3	(490, 332), (738, 613)
0:00:13.3	(1495, 320), (1743, 635)
0:00:13.3	(209, 209), (437, 467)
0:00:13.4	(207, 203), (439, 470)
0:00:13.4	(966, 223), (1198, 496)
0:00:13.4	(491, 332), (738, 613)
0:00:13.4	(1495, 320), (1745, 635)
0:00:13.5	(966, 224), (1198, 497)
0:00:13.5	(492, 331), (740, 618)
0:00:13.5	(1497, 320), (1747, 636)
0:00:13.5	(206, 206), (438, 463)
0:00:13.6	(969, 222), (1201, 495)
0:00:13.6	(495, 331), (744, 619)
0:00:13.6	(1497, 320), (1746, 633)
0:00:13.6	(205, 208), (436, 458)
0:00:13.7	(969, 222), (1201, 495)
0:00:13.7	(495, 331), (744, 619)
0:00:13.7	(1497, 320), (1746, 633)
0:00:13.7	(205, 208), (436, 458)
0:00:13.8	(205, 201), (438, 463)
0:00:13.8	(971, 223), (1203, 494)
0:00:13.8	(498, 331), (746, 617)
0:00:13.8	(1499, 320), (1749, 634)
0:00:13.9	(206, 197), (441, 463)
0:00:13.9	(974, 223), (1205, 494)
0:00:13.9	(501, 331), (748, 620)
0:00:13.9	(1501, 320), (1752, 632)
0:00:13.10	(207, 194), (443, 464)
0:00:13.10	(976, 223), (1207, 492)
0:00:13.10	(1506, 312), (1755, 622)
0:00:13.10	(505, 328), (750, 619)
0:00:13.11	(211, 195), (446, 463)
0:00:13.11	(977, 221), (1209, 491)
0:00:13.11	(1509, 311), (1759, 618)
0:00:13.11	(507, 328), (753, 614)
0:00:13.12	(211, 194), (446, 460)
0:00:13.12	(977, 221), (1210, 494)
0:00:13.12	(1511, 311), (1763, 618)
0:00:13.12	(511, 327), (757, 614)
0:00:13.13	(212, 195), (447, 461)
0:00:13.13	(977, 222), (1210, 495)
0:00:13.13	(1510, 311), (1762, 617)
0:00:13.13	(510, 328), (756, 614)
0:00:13.14	(213, 194), (448, 461)
0:00:13.14	(979, 224), (1212, 495)
0:00:13.14	(1516, 311), (1769, 616)
0:00:13.14	(515, 328), (758, 614)
0:00:13.15	(216, 195), (451, 461)
0:00:13.15	(981, 223), (1215, 496)
0:00:13.15	(1521, 311), (1772, 612)
0:00:13.15	(519, 330), (761, 604)
0:00:13.16	(218, 194), (452, 463)
0:00:13.16	(983, 222), (1218, 499)
0:00:13.16	(525, 328), (764, 603)
0:00:13.16	(1522, 319), (1773, 621)
0:00:13.17	(223, 185), (457, 448)
0:00:13.17	(988, 221), (1222, 496)
0:00:13.17	(527, 327), (767, 604)
0:00:13.17	(1528, 319), (1780, 621)
0:00:13.18	(225, 185), (459, 449)
0:00:13.18	(988, 220), (1223, 498)
0:00:13.18	(530, 326), (770, 604)
0:00:13.18	(1532, 320), (1783, 621)
0:00:13.19	(225, 185), (459, 449)
0:00:13.19	(988, 220), (1223, 498)
0:00:13.19	(530, 326), (770, 604)
0:00:13.19	(1532, 320), (1783, 621)
0:00:13.20	(228, 185), (461, 450)
0:00:13.20	(991, 220), (1225, 500)
0:00:13.20	(531, 324), (771, 607)
0:00:13.20	(1533, 319), (1784, 620)
0:00:13.21	(230, 186), (462, 448)
0:00:13.21	(993, 220), (1225, 501)
0:00:13.21	(536, 327), (774, 606)
0:00:13.21	(1536, 320), (1787, 621)
0:00:13.22	(233, 185), (465, 449)
0:00:13.22	(994, 218), (1227, 501)
0:00:13.22	(536, 326), (775, 605)
0:00:13.22	(1539, 323), (1789, 619)
0:00:13.23	(233, 185), (464, 450)
0:00:13.23	(995, 219), (1228, 502)
0:00:13.23	(539, 323), (779, 605)
0:00:13.23	(1541, 322), (1792, 620)
0:00:13.24	(235, 184), (467, 449)
0:00:13.24	(998, 219), (1229, 503)
0:00:13.24	(542, 323), (782, 605)
0:00:13.24	(1543, 322), (1794, 620)
0:00:13.25	(236, 184), (467, 449)
0:00:13.25	(997, 219), (1229, 503)
0:00:13.25	(543, 323), (783, 605)
0:00:13.25	(1543, 322), (1795, 618)
0:00:13.26	(239, 185), (470, 450)
0:00:13.26	(999, 219), (1231, 504)
0:00:13.26	(1552, 310), (1801, 603)
0:00:13.26	(544, 320), (785, 605)
0:00:13.27	(239, 184), (471, 449)
0:00:13.27	(1000, 220), (1231, 504)
0:00:13.27	(1553, 311), (1802, 605)
0:00:13.27	(545, 321), (786, 606)
0:00:13.28	(240, 184), (472, 448)
0:00:13.28	(1001, 219), (1232, 503)
0:00:13.28	(1556, 311), (1805, 605)
0:00:13.28	(547, 320), (788, 605)
0:00:14.0	(243, 183), (475, 448)
0:00:14.0	(1004, 220), (1234, 500)
0:00:14.0	(1557, 311), (1805, 605)
0:00:14.0	(548, 321), (788, 605)
0:00:14.1	(244, 184), (476, 448)
0:00:14.1	(1004, 219), (1234, 499)
0:00:14.1	(1557, 311), (1805, 605)
0:00:14.1	(548, 320), (789, 605)
0:00:14.2	(243, 194), (478, 461)
0:00:14.2	(1005, 220), (1235, 500)
0:00:14.2	(1557, 311), (1806, 607)
0:00:14.2	(550, 321), (791, 604)
0:00:14.3	(243, 194), (478, 461)
0:00:14.3	(1005, 220), (1235, 500)
0:00:14.3	(1557, 311), (1806, 607)
0:00:14.3	(550, 321), (791, 604)
0:00:14.4	(244, 194), (480, 461)
0:00:14.4	(1006, 222), (1235, 501)
0:00:14.4	(1560, 312), (1808, 604)
0:00:14.4	(549, 322), (791, 604)
0:00:14.5	(245, 194), (480, 462)
0:00:14.5	(1005, 222), (1234, 505)
0:00:14.5	(1560, 312), (1810, 606)
0:00:14.5	(550, 324), (791, 603)
0:00:14.6	(246, 195), (481, 462)
0:00:14.6	(1006, 224), (1235, 506)
0:00:14.6	(549, 324), (789, 605)
0:00:14.6	(1557, 318), (1809, 618)
0:00:14.7	(249, 199), (483, 462)
0:00:14.7	(1005, 225), (1234, 509)
0:00:14.7	(548, 322), (788, 606)
0:00:14.7	(1558, 319), (1808, 618)
0:00:14.8	(249, 202), (482, 462)
0:00:14.8	(1006, 226), (1234, 507)
0:00:14.8	(546, 329), (786, 605)
0:00:14.8	(1559, 318), (1809, 618)
0:00:14.9	(249, 202), (482, 461)
0:00:14.9	(1007, 226), (1235, 509)
0:00:14.9	(546, 330), (786, 605)
0:00:14.9	(1559, 319), (1808, 619)
0:00:14.10	(249, 202), (482, 461)
0:00:14.10	(1006, 227), (1234, 504)
0:00:14.10	(543, 326), (782, 603)
0:00:14.10	(1558, 321), (1806, 621)
0:00:14.11	(247, 200), (482, 463)
0:00:14.11	(1004, 227), (1232, 504)
0:00:14.11	(539, 322), (779, 604)
0:00:14.11	(1553, 326), (1800, 625)
0:00:14.12	(247, 201), (483, 463)
0:00:14.12	(1003, 227), (1231, 504)
0:00:14.12	(539, 323), (775, 597)
0:00:14.12	(1550, 328), (1798, 626)
0:00:14.13	(246, 200), (482, 465)
0:00:14.13	(1002, 227), (1229, 503)
0:00:14.13	(537, 322), (773, 597)
0:00:14.13	(1546, 327), (1793, 629)
0:00:14.14	(247, 200), (484, 467)
0:00:14.14	(1002, 231), (1229, 502)
0:00:14.14	(535, 321), (773, 589)
0:00:14.14	(1546, 326), (1793, 631)
0:00:14.15	(247, 200), (484, 467)
0:00:14.15	(1002, 231), (1229, 502)
0:00:14.15	(535, 321), (773, 589)
0:00:14.15	(1546, 326), (1793, 631)
0:00:14.16	(248, 204), (483, 466)
0:00:14.16	(1002, 233), (1229, 502)
0:00:14.16	(537, 322), (773, 585)
0:00:14.16	(1545, 326), (1790, 632)
0:00:14.17	(249, 199), (486, 468)
0:00:14.17	(1002, 234), (1228, 502)
0:00:14.17	(537, 322), (774, 587)
0:00:14.17	(1542, 330), (1786, 633)
0:00:14.18	(249, 198), (487, 469)
0:00:14.18	(1002, 236), (1229, 503)
0:00:14.18	(538, 322), (774, 576)
0:00:14.18	(1542, 333), (1786, 635)
0:00:14.19	(249, 200), (488, 470)
0:00:14.19	(1002, 238), (1228, 500)
0:00:14.19	(538, 323), (773, 576)
0:00:14.19	(1539, 335), (1783, 635)
0:00:14.20	(248, 202), (487, 471)
0:00:14.20	(1001, 240), (1228, 503)
0:00:14.20	(1538, 338), (1783, 637)
0:00:14.20	(536, 323), (771, 574)
0:00:14.21	(248, 201), (488, 470)
0:00:14.21	(1001, 240), (1228, 504)
0:00:14.21	(1538, 338), (1783, 637)
0:00:14.21	(536, 323), (771, 574)
0:00:14.22	(249, 201), (489, 469)
0:00:14.22	(1002, 241), (1228, 504)
0:00:14.22	(1535, 337), (1780, 636)
0:00:14.22	(536, 323), (769, 571)
0:00:14.23	(250, 204), (489, 471)
0:00:14.23	(1003, 244), (1229, 505)
0:00:14.23	(1534, 340), (1777, 638)
0:00:14.23	(536, 324), (770, 574)
0:00:14.24	(252, 205), (490, 471)
0:00:14.24	(1004, 246), (1230, 507)
0:00:14.24	(1533, 342), (1776, 636)
0:00:14.24	(556, 316), (752, 566)
0:00:14.25	(253, 202), (492, 474)
0:00:14.25	(1004, 247), (1230, 515)
0:00:14.25	(1533, 344), (1776, 638)
0:00:14.25	(559, 318), (754, 568)
0:00:14.26	(257, 206), (493, 470)
0:00:14.26	(1007, 247), (1232, 519)
0:00:14.26	(1533, 347), (1776, 638)
0:00:14.26	(560, 321), (755, 570)
0:00:14.27	(257, 206), (493, 470)
0:00:14.27	(1007, 247), (1232, 519)
0:00:14.27	(1533, 347), (1776, 638)
0:00:14.27	(561, 321), (756, 570)
0:00:14.28	(260, 208), (494, 477)
0:00:14.28	(1008, 256), (1236, 527)
0:00:14.28	(1532, 350), (1775, 639)
0:00:14.28	(563, 338), (760, 569)
0:00:15.0	(263, 212), (496, 477)
0:00:15.0	(1007, 256), (1234, 527)
0:00:15.0	(1531, 352), (1773, 639)
0:00:15.0	(565, 341), (763, 569)
0:00:15.1	(263, 217), (496, 475)
0:00:15.1	(1007, 257), (1235, 524)
0:00:15.1	(1530, 354), (1770, 639)
0:00:15.1	(552, 342), (781, 572)
0:00:15.2	(265, 218), (496, 478)
0:00:15.2	(1007, 257), (1234, 528)
0:00:15.2	(1530, 359), (1768, 640)
0:00:15.2	(569, 345), (765, 570)
0:00:15.3	(266, 222), (497, 477)
0:00:15.3	(1007, 258), (1233, 525)
0:00:15.3	(1528, 361), (1765, 640)
0:00:15.3	(569, 346), (764, 569)
0:00:15.4	(266, 223), (497, 477)
0:00:15.4	(1008, 259), (1235, 526)
0:00:15.4	(1528, 361), (1765, 639)
0:00:15.4	(570, 346), (765, 571)
0:00:15.5	(267, 222), (498, 478)
0:00:15.5	(1007, 259), (1233, 525)
0:00:15.5	(1527, 360), (1763, 640)
0:00:15.5	(570, 348), (765, 569)
0:00:15.6	(268, 231), (499, 475)
0:00:15.6	(1007, 260), (1234, 525)
0:00:15.6	(1525, 363), (1759, 640)
0:00:15.6	(571, 351), (764, 565)
0:00:15.7	(269, 233), (499, 477)
0:00:15.7	(1006, 263), (1233, 526)
0:00:15.7	(1523, 362), (1756, 641)
0:00:15.7	(570, 353), (760, 563)
0:00:15.8	(269, 231), (501, 479)
0:00:15.8	(1006, 262), (1233, 525)
0:00:15.8	(1521, 364), (1755, 644)
0:00:15.8	(566, 352), (757, 559)
0:00:15.9	(271, 232), (502, 480)
0:00:15.9	(1005, 262), (1232, 525)
0:00:15.9	(1521, 367), (1755, 644)
0:00:15.9	(566, 351), (758, 561)
0:00:15.10	(271, 232), (502, 480)
0:00:15.10	(1005, 262), (1232, 525)
0:00:15.10	(1521, 368), (1755, 645)
0:00:15.10	(566, 351), (758, 561)
0:00:15.11	(273, 231), (504, 483)
0:00:15.11	(1005, 263), (1233, 526)
0:00:15.11	(1519, 371), (1753, 646)
0:00:15.11	(564, 357), (756, 558)
0:00:15.12	(273, 232), (504, 482)
0:00:15.12	(1004, 266), (1232, 528)
0:00:15.12	(1519, 373), (1753, 652)
0:00:15.12	(563, 358), (755, 556)
0:00:15.13	(274, 233), (505, 485)
0:00:15.13	(1003, 268), (1230, 532)
0:00:15.13	(1515, 374), (1748, 653)
0:00:15.13	(561, 367), (752, 559)
0:00:15.14	(275, 233), (506, 486)
0:00:15.14	(1002, 271), (1230, 529)
0:00:15.14	(1509, 374), (1743, 654)
0:00:15.14	(561, 367), (750, 555)
0:00:15.15	(275, 235), (506, 486)
0:00:15.15	(1001, 272), (1227, 529)
0:00:15.15	(1506, 375), (1740, 653)
0:00:15.15	(556, 370), (747, 558)
0:00:15.16	(275, 235), (506, 486)
0:00:15.16	(1001, 272), (1228, 528)
0:00:15.16	(1506, 375), (1740, 654)
0:00:15.16	(555, 369), (746, 558)
0:00:15.17	(274, 234), (505, 486)
0:00:15.17	(996, 273), (1224, 528)
0:00:15.17	(1502, 375), (1738, 652)
0:00:15.17	(553, 372), (744, 559)
0:00:15.18	(273, 233), (505, 487)
0:00:15.18	(992, 273), (1220, 528)
0:00:15.18	(1498, 376), (1733, 653)
0:00:15.18	(550, 370), (741, 558)
0:00:15.19	(271, 235), (503, 486)
0:00:15.19	(991, 274), (1218, 528)
0:00:15.19	(1492, 385), (1728, 655)
0:00:15.19	(551, 379), (741, 559)
0:00:15.20	(271, 237), (502, 486)
0:00:15.20	(990, 274), (1217, 529)
0:00:15.20	(1489, 386), (1725, 656)
0:00:15.20	(549, 376), (739, 554)
0:00:15.21	(269, 236), (501, 486)
0:00:15.21	(987, 277), (1212, 530)
0:00:15.21	(1486, 387), (1720, 654)
0:00:15.21	(547, 377), (739, 557)
0:00:15.22	(269, 236), (501, 485)
0:00:15.22	(987, 277), (1212, 530)
0:00:15.22	(1486, 387), (1720, 654)
0:00:15.22	(547, 377), (739, 557)
0:00:15.23	(269, 237), (500, 485)
0:00:15.23	(985, 277), (1210, 535)
0:00:15.23	(1483, 389), (1715, 654)
0:00:15.23	(548, 375), (739, 558)
0:00:15.24	(984, 278), (1207, 531)
0:00:15.24	(1478, 389), (1712, 658)
0:00:15.24	(285, 242), (484, 486)
0:00:15.24	(550, 372), (740, 560)
0:00:15.25	(982, 280), (1204, 537)
0:00:15.25	(1475, 389), (1709, 657)
0:00:15.25	(285, 240), (484, 485)
0:00:15.25	(551, 365), (742, 562)
0:00:15.26	(980, 282), (1202, 532)
0:00:15.26	(1471, 388), (1703, 656)
0:00:15.26	(284, 239), (483, 484)
0:00:15.26	(553, 362), (744, 561)
0:00:15.27	(1465, 389), (1697, 657)
0:00:15.27	(284, 240), (483, 485)
0:00:15.27	(555, 365), (744, 556)
0:00:15.27	(980, 282), (1199, 534)
0:00:15.28	(1466, 389), (1698, 657)
0:00:15.28	(284, 240), (483, 485)
0:00:15.28	(555, 362), (744, 558)
0:00:15.28	(980, 282), (1199, 536)
0:00:16.0	(1464, 388), (1695, 656)
0:00:16.0	(284, 239), (482, 486)
0:00:16.0	(559, 365), (748, 558)
0:00:16.0	(977, 283), (1197, 535)
0:00:16.1	(1459, 387), (1691, 659)
0:00:16.1	(281, 239), (481, 485)
0:00:16.1	(562, 358), (752, 561)
0:00:16.1	(991, 282), (1183, 534)
0:00:16.2	(1456, 387), (1687, 660)
0:00:16.2	(280, 239), (480, 485)
0:00:16.2	(989, 283), (1180, 535)
0:00:16.2	(568, 360), (757, 567)
0:00:16.3	(1454, 388), (1683, 660)
0:00:16.3	(988, 285), (1180, 536)
0:00:16.3	(281, 239), (480, 485)
0:00:16.3	(579, 362), (765, 567)
0:00:16.4	(1450, 389), (1680, 662)
0:00:16.4	(986, 287), (1178, 540)
0:00:16.4	(281, 240), (480, 486)
0:00:16.4	(583, 358), (769, 572)
0:00:16.5	(1450, 389), (1680, 662)
0:00:16.5	(986, 287), (1178, 540)
0:00:16.5	(281, 239), (480, 485)
0:00:16.5	(583, 358), (769, 572)
0:00:16.6	(968, 288), (1189, 538)
0:00:16.6	(1445, 389), (1675, 662)
0:00:16.6	(588, 356), (774, 573)
0:00:16.6	(282, 239), (483, 486)
0:00:16.7	(1438, 390), (1668, 662)
0:00:16.7	(980, 289), (1171, 537)
0:00:16.7	(280, 241), (481, 484)
0:00:16.7	(590, 352), (778, 578)
0:00:16.8	(264, 240), (496, 485)
0:00:16.8	(961, 291), (1180, 535)
0:00:16.8	(1432, 395), (1660, 667)
0:00:16.8	(603, 353), (791, 594)
0:00:16.9	(263, 239), (495, 487)
0:00:16.9	(958, 295), (1177, 534)
0:00:16.9	(1431, 396), (1660, 670)
0:00:16.9	(609, 352), (799, 607)
0:00:16.10	(263, 239), (495, 487)
0:00:16.10	(957, 294), (1177, 534)
0:00:16.10	(1431, 395), (1660, 669)
0:00:16.10	(610, 354), (798, 606)
0:00:16.11	(264, 242), (496, 493)
0:00:16.11	(957, 294), (1176, 536)
0:00:16.11	(1430, 397), (1658, 672)
0:00:16.11	(614, 358), (802, 609)
0:00:16.12	(957, 296), (1175, 537)
0:00:16.12	(1429, 400), (1657, 673)
0:00:16.12	(280, 248), (480, 498)
0:00:16.12	(618, 359), (805, 630)
0:00:16.13	(956, 297), (1174, 540)
0:00:16.13	(1428, 402), (1655, 672)
0:00:16.13	(283, 248), (482, 500)
0:00:16.13	(615, 371), (805, 633)
0:00:16.14	(955, 297), (1174, 542)
0:00:16.14	(1427, 405), (1653, 674)
0:00:16.14	(288, 250), (485, 501)
0:00:16.14	(616, 374), (807, 638)
0:00:16.15	(955, 299), (1172, 543)
0:00:16.15	(1425, 408), (1651, 672)
0:00:16.15	(287, 249), (485, 500)
0:00:16.15	(618, 379), (808, 640)
0:00:16.16	(955, 299), (1173, 541)
0:00:16.16	(1426, 409), (1652, 674)
0:00:16.16	(287, 250), (485, 501)
0:00:16.16	(619, 381), (810, 640)
0:00:16.17	(954, 301), (1172, 544)
0:00:16.17	(1423, 410), (1649, 676)
0:00:16.17	(290, 251), (485, 505)
0:00:16.17	(621, 384), (811, 644)
0:00:16.18	(954, 304), (1171, 542)
0:00:16.18	(607, 390), (828, 655)
0:00:16.18	(1422, 411), (1649, 677)
0:00:16.18	(294, 253), (488, 507)
0:00:16.19	(607, 389), (830, 662)
0:00:16.19	(1422, 413), (1647, 678)
0:00:16.19	(970, 305), (1158, 544)
0:00:16.19	(297, 255), (490, 509)
0:00:16.20	(610, 389), (834, 668)
0:00:16.20	(1423, 413), (1648, 680)
0:00:16.20	(970, 305), (1157, 545)
0:00:16.20	(298, 256), (491, 509)
0:00:16.21	(611, 392), (835, 667)
0:00:16.21	(1422, 415), (1647, 681)
0:00:16.21	(971, 307), (1158, 546)
0:00:16.21	(301, 258), (493, 510)
0:00:16.22	(611, 391), (834, 667)
0:00:16.22	(1422, 415), (1647, 680)
0:00:16.22	(971, 307), (1158, 547)
0:00:16.22	(301, 257), (494, 510)
0:00:16.23	(288, 264), (514, 514)
0:00:16.23	(612, 395), (835, 670)
0:00:16.23	(1422, 417), (1645, 683)
0:00:16.23	(972, 308), (1158, 546)
0:00:16.24	(287, 263), (515, 513)
0:00:16.24	(615, 395), (837, 673)
0:00:16.24	(972, 308), (1158, 548)
0:00:16.24	(1437, 417), (1631, 687)
0:00:16.25	(288, 264), (516, 513)
0:00:16.25	(615, 395), (837, 674)
0:00:16.25	(970, 309), (1156, 547)
0:00:16.25	(1436, 418), (1630, 685)
0:00:16.26	(287, 260), (516, 512)
0:00:16.26	(616, 399), (838, 673)
0:00:16.26	(970, 310), (1156, 546)
0:00:16.26	(1435, 422), (1629, 687)
0:00:16.27	(289, 249), (517, 507)
0:00:16.27	(617, 398), (838, 672)
0:00:16.27	(971, 309), (1156, 546)
0:00:16.27	(1435, 421), (1628, 685)
0:00:16.28	(289, 249), (517, 507)
0:00:16.28	(617, 398), (838, 672)
0:00:16.28	(971, 309), (1156, 546)
0:00:16.28	(1435, 421), (1628, 685)
0:00:17.0	(292, 249), (519, 506)
0:00:17.0	(618, 397), (839, 672)
0:00:17.0	(971, 310), (1157, 546)
0:00:17.0	(1435, 421), (1628, 685)
0:00:17.1	(291, 249), (519, 506)
0:00:17.1	(618, 395), (840, 671)
0:00:17.1	(972, 311), (1157, 545)
0:00:17.1	(1434, 422), (1627, 686)
0:00:17.2	(291, 247), (520, 506)
0:00:17.2	(619, 395), (841, 672)
0:00:17.2	(971, 311), (1156, 543)
0:00:17.2	(1433, 422), (1626, 683)
0:00:17.3	(292, 247), (521, 505)
0:00:17.3	(619, 397), (840, 672)
0:00:17.3	(1415, 422), (1636, 681)
0:00:17.3	(971, 311), (1156, 543)
0:00:17.4	(293, 246), (522, 505)
0:00:17.4	(623, 398), (844, 671)
0:00:17.4	(1414, 422), (1635, 678)
0:00:17.4	(971, 311), (1157, 543)
0:00:17.5	(294, 246), (522, 505)
0:00:17.5	(622, 397), (843, 672)
0:00:17.5	(1414, 423), (1635, 679)
0:00:17.5	(972, 311), (1158, 542)
0:00:17.6	(294, 243), (523, 502)
0:00:17.6	(624, 395), (845, 670)
0:00:17.6	(1412, 423), (1633, 677)
0:00:17.6	(972, 311), (1157, 543)
0:00:17.7	(297, 244), (525, 501)
0:00:17.7	(625, 398), (846, 668)
0:00:17.7	(1413, 423), (1633, 675)
0:00:17.7	(973, 311), (1158, 543)
0:00:17.8	(296, 242), (525, 502)
0:00:17.8	(626, 398), (847, 667)
0:00:17.8	(1411, 425), (1631, 672)
0:00:17.8	(974, 311), (1158, 543)
0:00:17.9	(297, 242), (525, 500)
0:00:17.9	(627, 398), (848, 664)
0:00:17.9	(1409, 424), (1629, 674)
0:00:17.9	(973, 311), (1157, 541)
0:00:17.10	(301, 242), (529, 497)
0:00:17.10	(628, 396), (848, 664)
0:00:17.10	(1408, 423), (1627, 672)
0:00:17.10	(974, 310), (1158, 540)
0:00:17.11	(301, 242), (529, 497)
0:00:17.11	(628, 396), (848, 664)
0:00:17.11	(1408, 424), (1627, 673)
0:00:17.11	(974, 310), (1158, 540)
0:00:17.12	(301, 241), (531, 497)
0:00:17.12	(633, 394), (852, 663)
0:00:17.12	(1409, 422), (1629, 672)
0:00:17.12	(975, 309), (1160, 539)
0:00:17.13	(304, 236), (533, 496)
0:00:17.13	(1408, 423), (1627, 672)
0:00:17.13	(976, 310), (1161, 539)
0:00:17.13	(650, 394), (838, 658)
0:00:17.14	(309, 237), (538, 494)
0:00:17.14	(638, 392), (855, 661)
0:00:17.14	(1408, 422), (1627, 671)
0:00:17.14	(977, 309), (1162, 538)
0:00:17.15	(312, 238), (542, 488)
0:00:17.15	(1410, 423), (1629, 671)
0:00:17.15	(978, 309), (1163, 538)
0:00:17.15	(656, 392), (842, 660)
0:00:17.16	(315, 236), (545, 488)
0:00:17.16	(1410, 422), (1628, 670)
0:00:17.16	(981, 308), (1166, 539)
0:00:17.16	(659, 392), (845, 657)
0:00:17.17	(315, 237), (545, 488)
0:00:17.17	(1410, 423), (1628, 670)
0:00:17.17	(980, 308), (1166, 537)
0:00:17.17	(659, 392), (845, 659)
0:00:17.18	(316, 231), (548, 485)
0:00:17.18	(1411, 423), (1629, 669)
0:00:17.18	(982, 308), (1167, 536)
0:00:17.18	(663, 382), (848, 649)
0:00:17.19	(319, 230), (550, 486)
0:00:17.19	(1411, 422), (1629, 669)
0:00:17.19	(982, 306), (1168, 538)
0:00:17.19	(666, 383), (851, 647)
0:00:17.20	(320, 229), (551, 482)
0:00:17.20	(1409, 422), (1627, 669)
0:00:17.20	(982, 305), (1168, 539)
0:00:17.20	(668, 383), (853, 648)
0:00:17.21	(322, 230), (554, 478)
0:00:17.21	(1407, 424), (1624, 669)
0:00:17.21	(981, 305), (1166, 537)
0:00:17.21	(670, 381), (855, 648)
0:00:17.22	(323, 227), (554, 478)
0:00:17.22	(1407, 422), (1623, 668)
0:00:17.22	(981, 304), (1166, 535)
0:00:17.22	(672, 382), (857, 647)
0:00:17.23	(323, 227), (554, 478)
0:00:17.23	(1407, 422), (1623, 668)
0:00:17.23	(981, 304), (1166, 535)
0:00:17.23	(672, 382), (857, 647)
0:00:17.24	(325, 226), (557, 477)
0:00:17.24	(1407, 423), (1623, 668)
0:00:17.24	(983, 302), (1168, 535)
0:00:17.24	(675, 381), (860, 646)
0:00:17.25	(327, 225), (560, 475)
0:00:17.25	(1410, 422), (1625, 668)
0:00:17.25	(986, 299), (1171, 535)
0:00:17.26	(329, 223), (562, 474)
0:00:17.26	(1411, 422), (1626, 667)
0:00:17.26	(986, 298), (1172, 534)
0:00:17.27	(330, 221), (565, 474)
0:00:17.27	(1411, 421), (1627, 667)
0:00:17.27	(987, 298), (1173, 531)
0:00:17.27	(683, 385), (867, 640)
0:00:17.28	(332, 215), (567, 475)
0:00:17.28	(1426, 421), (1614, 668)
0:00:17.28	(988, 295), (1175, 530)
0:00:17.28	(687, 384), (870, 638)
0:00:18.0	(333, 216), (567, 475)
0:00:18.0	(1412, 421), (1627, 667)
0:00:18.0	(989, 295), (1175, 531)
0:00:18.0	(687, 384), (870, 637)
0:00:18.1	(333, 216), (568, 474)
0:00:18.1	(1426, 421), (1614, 668)
0:00:18.1	(989, 295), (1174, 526)
0:00:18.1	(690, 385), (873, 639)
0:00:18.2	(337, 220), (571, 470)
0:00:18.2	(1425, 421), (1613, 667)
0:00:18.2	(989, 294), (1175, 526)
0:00:18.2	(694, 384), (877, 642)
0:00:18.3	(339, 222), (572, 470)
0:00:18.3	(1426, 421), (1613, 666)
0:00:18.3	(990, 292), (1176, 528)
0:00:18.3	(697, 383), (880, 643)
0:00:18.4	(342, 219), (575, 470)
0:00:18.4	(1426, 422), (1613, 666)
0:00:18.4	(991, 293), (1176, 525)
0:00:18.4	(699, 383), (884, 643)
0:00:18.5	(342, 218), (575, 469)
0:00:18.5	(1426, 422), (1613, 665)
0:00:18.5	(991, 293), (1176, 524)
0:00:18.5	(699, 383), (884, 642)
0:00:18.6	(345, 219), (576, 467)
0:00:18.6	(1427, 420), (1614, 665)
0:00:18.6	(991, 293), (1177, 522)
0:00:18.6	(704, 390), (891, 652)
0:00:18.7	(345, 219), (576, 467)
0:00:18.7	(1427, 420), (1614, 665)
0:00:18.7	(991, 293), (1177, 522)
0:00:18.7	(704, 390), (891, 652)
0:00:18.8	(345, 219), (577, 465)
0:00:18.8	(1428, 418), (1614, 661)
0:00:18.8	(991, 293), (1177, 523)
0:00:18.8	(707, 389), (893, 649)
0:00:18.9	(346, 212), (580, 464)
0:00:18.9	(1426, 419), (1612, 660)
0:00:18.9	(991, 293), (1177, 521)
0:00:18.9	(706, 380), (892, 640)
0:00:18.10	(345, 211), (579, 463)
0:00:18.10	(1423, 417), (1609, 658)
0:00:18.10	(990, 292), (1176, 520)
0:00:18.10	(710, 390), (895, 652)
0:00:18.11	(347, 211), (579, 460)
0:00:18.11	(1420, 418), (1608, 656)
0:00:18.11	(989, 290), (1175, 516)
0:00:18.11	(711, 378), (895, 641)
0:00:18.12	(348, 209), (579, 455)
0:00:18.12	(1418, 416), (1607, 655)
0:00:18.12	(988, 289), (1174, 513)
0:00:18.12	(712, 388), (897, 651)
0:00:18.13	(349, 209), (580, 456)
0:00:18.13	(1418, 416), (1607, 655)
0:00:18.13	(988, 289), (1174, 513)
0:00:18.13	(713, 388), (898, 650)
0:00:18.14	(347, 206), (580, 454)
0:00:18.14	(1418, 414), (1607, 653)
0:00:18.14	(988, 287), (1174, 511)
0:00:18.14	(716, 387), (900, 646)
0:00:18.15	(349, 204), (581, 453)
0:00:18.15	(1417, 412), (1606, 652)
0:00:18.15	(989, 286), (1175, 511)
0:00:18.15	(717, 385), (901, 649)
0:00:18.16	(350, 199), (583, 453)
0:00:18.16	(1416, 412), (1605, 650)
0:00:18.16	(987, 285), (1173, 509)
0:00:18.16	(718, 370), (901, 638)
0:00:18.17	(351, 199), (584, 451)
0:00:18.17	(1400, 408), (1619, 650)
0:00:18.17	(987, 283), (1172, 506)
0:00:18.17	(718, 364), (901, 633)
0:00:18.18	(350, 196), (581, 450)
0:00:18.18	(1415, 408), (1605, 647)
0:00:18.18	(985, 284), (1170, 506)
0:00:18.18	(718, 364), (901, 635)
0:00:18.19	(350, 196), (581, 450)
0:00:18.19	(1415, 408), (1605, 647)
0:00:18.19	(985, 284), (1170, 506)
0:00:18.19	(718, 364), (901, 635)
0:00:18.20	(346, 196), (578, 444)
0:00:18.20	(1413, 406), (1602, 644)
0:00:18.20	(984, 282), (1168, 504)
0:00:18.20	(718, 360), (901, 631)
0:00:18.21	(348, 185), (576, 437)
0:00:18.21	(1411, 406), (1599, 644)
0:00:18.21	(982, 280), (1166, 500)
0:00:18.21	(717, 360), (900, 629)
0:00:18.22	(348, 184), (575, 432)
0:00:18.22	(1410, 406), (1597, 643)
0:00:18.22	(982, 266), (1166, 501)
0:00:18.22	(717, 360), (900, 627)
0:00:18.23	(348, 184), (576, 432)
0:00:18.23	(1410, 403), (1597, 642)
0:00:18.23	(981, 264), (1164, 497)
0:00:18.23	(719, 356), (901, 625)
0:00:18.24	(350, 183), (578, 429)
0:00:18.24	(1410, 402), (1597, 639)
0:00:18.24	(981, 261), (1165, 495)
0:00:18.24	(719, 353), (901, 621)
0:00:18.25	(349, 183), (577, 429)
0:00:18.25	(1410, 403), (1597, 639)
0:00:18.25	(981, 261), (1165, 495)
0:00:18.25	(719, 353), (901, 620)
0:00:18.26	(352, 181), (582, 428)
0:00:18.26	(1410, 400), (1596, 637)
0:00:18.26	(980, 259), (1164, 495)
0:00:18.26	(719, 351), (901, 625)
0:00:18.27	(353, 180), (581, 423)
0:00:18.27	(1410, 399), (1595, 634)
0:00:18.27	(980, 256), (1165, 495)
0:00:18.27	(721, 351), (902, 623)
0:00:18.28	(354, 178), (582, 420)
0:00:18.28	(1407, 386), (1592, 627)
0:00:18.28	(980, 255), (1164, 492)
0:00:18.28	(720, 347), (901, 619)
0:00:19.0	(355, 174), (583, 417)
0:00:19.0	(1407, 384), (1592, 626)
0:00:19.0	(979, 254), (1162, 493)
0:00:19.0	(720, 342), (901, 612)
0:00:19.1	(357, 177), (584, 414)
0:00:19.1	(1407, 384), (1592, 623)
0:00:19.1	(980, 253), (1164, 489)
0:00:19.1	(721, 337), (904, 608)
0:00:19.2	(357, 177), (584, 414)
0:00:19.2	(1407, 384), (1592, 623)
0:00:19.2	(980, 253), (1164, 489)
0:00:19.2	(721, 337), (904, 608)
0:00:19.3	(355, 175), (583, 412)
0:00:19.3	(1407, 382), (1592, 623)
0:00:19.3	(981, 252), (1163, 482)
0:00:19.3	(723, 333), (904, 605)
0:00:19.4	(358, 168), (587, 412)
0:00:19.4	(1407, 382), (1591, 623)
0:00:19.4	(983, 251), (1166, 482)
0:00:19.4	(725, 331), (906, 605)
0:00:19.5	(373, 168), (571, 413)
0:00:19.5	(1407, 380), (1592, 622)
0:00:19.5	(983, 250), (1166, 479)
0:00:19.5	(727, 332), (908, 598)
0:00:19.6	(377, 161), (575, 413)
0:00:19.6	(1409, 380), (1593, 617)
0:00:19.6	(984, 250), (1167, 478)
0:00:19.6	(727, 331), (908, 594)
0:00:19.7	(363, 159), (592, 410)
0:00:19.7	(1408, 380), (1592, 617)
0:00:19.7	(986, 249), (1169, 477)
0:00:19.7	(729, 330), (909, 593)
0:00:19.8	(362, 158), (592, 410)
0:00:19.8	(1408, 380), (1592, 617)
0:00:19.8	(985, 250), (1168, 478)
0:00:19.8	(728, 329), (908, 596)
0:00:19.9	(365, 157), (594, 408)
0:00:19.9	(1409, 379), (1593, 616)
0:00:19.9	(987, 249), (1171, 478)
0:00:19.9	(732, 330), (910, 602)
0:00:19.10	(382, 158), (580, 407)
0:00:19.10	(1410, 379), (1593, 614)
0:00:19.10	(988, 249), (1172, 477)
0:00:19.10	(732, 328), (911, 600)
0:00:19.11	(383, 159), (581, 405)
0:00:19.11	(1410, 378), (1593, 611)
0:00:19.11	(989, 248), (1174, 475)
0:00:19.11	(732, 328), (911, 585)
0:00:19.12	(384, 157), (582, 405)
0:00:19.12	(1410, 377), (1593, 610)
0:00:19.12	(990, 249), (1175, 476)
0:00:19.12	(733, 317), (913, 583)
0:00:19.13	(388, 155), (586, 404)
0:00:19.13	(1411, 377), (1595, 610)
0:00:19.13	(992, 250), (1176, 475)
0:00:19.13	(734, 315), (913, 582)
0:00:19.14	(388, 155), (586, 404)
0:00:19.14	(1411, 377), (1595, 610)
0:00:19.14	(992, 250), (1176, 475)
0:00:19.14	(734, 315), (913, 582)
0:00:19.15	(387, 151), (584, 403)
0:00:19.15	(1411, 376), (1595, 608)
0:00:19.15	(992, 250), (1177, 475)
0:00:19.15	(736, 314), (916, 579)
0:00:19.16	(389, 152), (586, 401)
0:00:19.16	(1411, 375), (1596, 609)
0:00:19.16	(993, 250), (1178, 474)
0:00:19.16	(741, 314), (918, 577)
0:00:19.17	(376, 146), (608, 397)
0:00:19.17	(1413, 375), (1598, 608)
0:00:19.17	(996, 250), (1183, 475)
0:00:19.17	(743, 311), (919, 581)
0:00:19.18	(383, 147), (613, 396)
0:00:19.18	(1413, 375), (1599, 606)
0:00:19.18	(998, 251), (1183, 480)
0:00:19.18	(747, 309), (923, 579)
0:00:19.19	(386, 148), (620, 395)
0:00:19.19	(1400, 374), (1614, 602)
0:00:19.19	(1000, 251), (1185, 480)
0:00:19.19	(747, 314), (921, 573)
0:00:19.20	(387, 149), (620, 397)
0:00:19.20	(1399, 374), (1613, 603)
0:00:19.20	(1000, 251), (1185, 480)
0:00:19.20	(747, 314), (921, 571)
0:00:19.21	(390, 149), (622, 396)
0:00:19.21	(1416, 375), (1601, 606)
0:00:19.21	(1002, 251), (1186, 480)
0:00:19.21	(749, 314), (923, 570)
0:00:19.22	(390, 146), (625, 395)
0:00:19.22	(1417, 376), (1603, 606)
0:00:19.22	(1004, 251), (1188, 484)
0:00:19.22	(752, 314), (926, 570)
0:00:19.23	(392, 146), (626, 394)
0:00:19.23	(1417, 375), (1603, 605)
0:00:19.23	(1006, 251), (1189, 483)
0:00:19.23	(754, 313), (928, 572)
0:00:19.24	(396, 150), (629, 396)
0:00:19.24	(1418, 375), (1604, 605)
0:00:19.24	(1007, 251), (1190, 482)
0:00:19.24	(754, 312), (930, 569)
0:00:19.25	(396, 150), (629, 396)
0:00:19.25	(1418, 375), (1604, 605)
0:00:19.25	(1007, 251), (1190, 482)
0:00:19.25	(754, 312), (930, 569)
0:00:19.26	(396, 150), (629, 396)
0:00:19.26	(1418, 375), (1604, 605)
0:00:19.26	(1007, 251), (1190, 482)
0:00:19.26	(754, 312), (930, 569)
0:00:19.27	(396, 150), (629, 396)
0:00:19.27	(1418, 375), (1604, 605)
0:00:19.27	(1007, 251), (1190, 482)
0:00:19.27	(754, 312), (930, 569)
0:00:19.28	(396, 150), (629, 396)
0:00:19.28	(1418, 375), (1604, 605)
0:00:19.28	(1007, 251), (1190, 482)
0:00:19.28	(754, 312), (930, 569)
0:00:20.0	(686, 258), (854, 473)
0:00:20.0	(1130, 396), (1291, 557)
0:00:20.1	(686, 258), (854, 473)
0:00:20.1	(1130, 396), (1291, 557)
0:00:20.2	(684, 256), (851, 475)
0:00:20.2	(1129, 393), (1290, 555)
0:00:20.3	(683, 255), (851, 474)
0:00:20.3	(1129, 394), (1290, 555)
0:00:20.4	(680, 255), (850, 476)
0:00:20.4	(1126, 397), (1288, 557)
0:00:20.5	(675, 256), (846, 476)
0:00:20.5	(1139, 399), (1272, 564)
0:00:20.6	(675, 256), (846, 477)
0:00:20.6	(1139, 400), (1272, 564)
0:00:20.7	(673, 253), (844, 476)
0:00:20.7	(1139, 402), (1272, 562)
0:00:20.8	(673, 253), (844, 476)
0:00:20.8	(1139, 401), (1272, 562)
0:00:20.9	(1135, 394), (1268, 556)
0:00:20.9	(672, 249), (840, 481)
0:00:20.10	(1134, 392), (1269, 553)
0:00:20.10	(664, 247), (837, 474)
0:00:20.11	(1133, 391), (1267, 554)
0:00:20.11	(676, 244), (840, 467)
0:00:20.12	(1132, 392), (1264, 550)
0:00:20.12	(672, 240), (839, 469)
0:00:20.13	(1132, 392), (1264, 550)
0:00:20.13	(672, 240), (839, 469)
0:00:20.14	(673, 245), (838, 467)
0:00:20.14	(1132, 395), (1264, 549)
0:00:20.15	(1133, 393), (1266, 551)
0:00:20.15	(675, 240), (839, 462)
0:00:20.16	(1131, 391), (1263, 551)
0:00:20.16	(673, 234), (839, 460)
0:00:20.17	(1130, 385), (1263, 547)
0:00:20.17	(674, 237), (838, 467)
0:00:20.18	(1127, 385), (1260, 547)
0:00:20.18	(672, 231), (837, 465)
0:00:20.19	(1126, 385), (1259, 544)
0:00:20.19	(669, 228), (836, 466)
0:00:20.20	(1127, 383), (1257, 541)
0:00:20.20	(664, 227), (832, 458)
0:00:20.21	(1125, 383), (1255, 540)
0:00:20.21	(665, 230), (830, 455)
0:00:20.22	(1126, 385), (1257, 541)
0:00:20.22	(666, 226), (833, 458)
0:00:20.23	(1127, 384), (1257, 540)
0:00:20.23	(665, 227), (832, 458)
0:00:20.24	(1127, 384), (1258, 540)
0:00:20.24	(669, 227), (833, 458)
0:00:20.25	(1127, 385), (1259, 542)
0:00:20.25	(671, 227), (836, 457)
0:00:20.26	(1125, 381), (1258, 541)
0:00:20.26	(669, 226), (834, 454)
0:00:20.27	(1123, 380), (1256, 540)
0:00:20.27	(671, 226), (836, 457)
0:00:20.28	(1123, 380), (1256, 540)
0:00:20.28	(671, 226), (836, 457)
0:00:21.0	(1119, 377), (1249, 539)
0:00:21.0	(674, 230), (837, 457)
0:00:21.1	(1114, 375), (1245, 538)
0:00:21.1	(674, 228), (840, 463)
0:00:21.2	(1114, 378), (1245, 536)
0:00:21.2	(678, 231), (842, 459)
0:00:21.3	(1113, 374), (1243, 532)
0:00:21.3	(684, 234), (844, 458)
0:00:21.4	(1113, 374), (1243, 532)
0:00:21.4	(684, 234), (844, 458)
0:00:21.5	(1116, 373), (1243, 531)
0:00:21.5	(684, 234), (845, 465)
0:00:21.6	(1108, 366), (1239, 529)
0:00:21.6	(681, 232), (847, 470)
0:00:21.7	(678, 233), (848, 472)
0:00:21.8	(678, 233), (848, 472)
0:00:21.8	(1107, 365), (1239, 527)
0:00:21.9	(681, 230), (850, 468)
0:00:21.9	(1108, 362), (1239, 527)
0:00:21.10	(679, 223), (850, 463)
0:00:21.10	(1108, 363), (1240, 534)
0:00:21.11	(670, 227), (845, 464)
0:00:21.11	(1110, 363), (1241, 531)
0:00:21.12	(1112, 363), (1242, 530)
0:00:21.12	(663, 223), (842, 461)
0:00:21.13	(1112, 364), (1242, 529)
0:00:21.13	(660, 222), (841, 464)
0:00:21.14	(1113, 364), (1243, 530)
0:00:21.14	(665, 230), (841, 461)
0:00:21.15	(1110, 364), (1241, 531)
0:00:21.15	(661, 228), (838, 460)
0:00:21.16	(1111, 362), (1241, 523)
0:00:21.16	(673, 228), (843, 459)
0:00:21.17	(1109, 364), (1241, 531)
0:00:21.17	(680, 232), (844, 457)
0:00:21.18	(680, 233), (844, 458)
0:00:21.18	(1108, 365), (1240, 531)
0:00:21.19	(1110, 363), (1240, 525)
0:00:21.19	(681, 228), (844, 463)
0:00:21.20	(1109, 364), (1241, 528)
0:00:21.20	(680, 230), (844, 459)
0:00:21.21	(1107, 361), (1239, 527)
0:00:21.21	(676, 229), (842, 461)
0:00:21.22	(666, 223), (838, 459)
0:00:21.22	(1106, 364), (1237, 525)
0:00:21.23	(666, 223), (838, 459)
0:00:21.23	(1106, 364), (1237, 525)
0:00:21.24	(669, 220), (840, 456)
0:00:21.24	(1106, 362), (1237, 524)
0:00:21.25	(678, 230), (844, 461)
0:00:21.25	(1110, 361), (1241, 522)
0:00:21.26	(1111, 367), (1241, 528)
0:00:21.26	(690, 229), (850, 460)
0:00:21.27	(1111, 371), (1242, 532)
0:00:21.27	(685, 225), (849, 460)
0:00:21.28	(1111, 371), (1242, 532)
0:00:21.28	(685, 225), (849, 460)
0:00:22.0	(1108, 368), (1240, 532)
0:00:22.0	(677, 220), (847, 469)
0:00:22.1	(1106, 368), (1238, 532)
0:00:22.1	(681, 233), (847, 459)
0:00:22.2	(1106, 372), (1237, 532)
0:00:22.2	(669, 229), (843, 465)
0:00:22.3	(1106, 372), (1236, 532)
0:00:22.3	(663, 232), (841, 466)
0:00:22.4	(1106, 375), (1237, 532)
0:00:22.4	(664, 231), (840, 465)
0:00:22.5	(1106, 372), (1237, 534)
0:00:22.5	(669, 233), (843, 460)
0:00:22.6	(1103, 374), (1235, 535)
0:00:22.6	(678, 238), (846, 462)
0:00:22.7	(1101, 378), (1234, 538)
0:00:22.7	(680, 242), (847, 467)
0:00:22.8	(677, 243), (845, 459)
0:00:22.8	(1080, 376), (1240, 536)
0:00:22.9	(677, 243), (845, 459)
0:00:22.9	(1080, 376), (1240, 536)
0:00:22.10	(677, 243), (845, 459)
0:00:22.10	(1080, 376), (1240, 536)
0:00:22.11	(1075, 373), (1238, 535)
0:00:22.11	(673, 241), (840, 466)
0:00:22.12	(1073, 374), (1235, 535)
0:00:22.12	(664, 239), (833, 460)
0:00:22.13	(650, 237), (826, 466)
0:00:22.13	(1072, 376), (1234, 538)
0:00:22.14	(1072, 380), (1234, 543)
0:00:22.14	(648, 242), (820, 477)
0:00:22.15	(1072, 380), (1234, 543)
0:00:22.15	(648, 242), (820, 477)
0:00:22.16	(1072, 382), (1234, 547)
0:00:22.16	(657, 251), (823, 473)
0:00:22.17	(1071, 383), (1230, 548)
0:00:22.17	(659, 253), (824, 467)
0:00:22.18	(652, 247), (825, 474)
0:00:22.18	(1069, 382), (1228, 548)
0:00:22.19	(662, 249), (828, 470)
0:00:22.19	(1068, 382), (1227, 547)
0:00:22.20	(662, 249), (828, 470)
0:00:22.20	(1068, 382), (1227, 547)
0:00:22.21	(1069, 384), (1226, 550)
0:00:22.21	(658, 251), (826, 487)
0:00:22.22	(1080, 391), (1209, 560)
0:00:22.22	(676, 263), (808, 484)
0:00:22.23	(1075, 395), (1204, 561)
0:00:22.23	(671, 269), (803, 492)
0:00:22.24	(1067, 395), (1196, 565)
0:00:22.24	(663, 273), (796, 504)
0:00:22.25	(1067, 395), (1196, 565)
0:00:22.25	(663, 273), (796, 504)
0:00:22.26	(1057, 397), (1184, 565)
0:00:22.27	(1050, 401), (1175, 567)
0:00:22.28	(1047, 407), (1173, 574)
0:00:22.28	(633, 283), (813, 522)
0:00:23.0	(640, 288), (813, 528)
0:00:23.0	(1046, 410), (1173, 582)
0:00:23.1	(640, 288), (813, 528)
0:00:23.1	(1046, 410), (1173, 582)
0:00:23.2	(1046, 415), (1175, 589)
0:00:23.2	(648, 303), (811, 531)
0:00:23.3	(1046, 431), (1170, 587)
0:00:23.3	(647, 318), (806, 528)
0:00:23.4	(1047, 426), (1171, 584)
0:00:23.4	(630, 313), (793, 533)
0:00:23.5	(607, 308), (783, 534)
0:00:23.5	(1045, 429), (1168, 596)
0:00:23.6	(607, 308), (783, 534)
0:00:23.6	(1045, 429), (1168, 596)
0:00:23.7	(1053, 422), (1179, 591)
0:00:23.7	(605, 299), (781, 538)
0:00:23.8	(1048, 419), (1174, 591)
0:00:23.8	(612, 300), (785, 520)
0:00:23.9	(448, 759), (544, 882)
0:00:23.10	(456, 759), (555, 880)
0:00:23.11	(456, 759), (554, 879)
0:00:23.12	(460, 758), (553, 871)
0:00:23.13	(467, 748), (561, 861)
0:00:23.14	(476, 742), (571, 860)
0:00:23.15	(483, 746), (579, 862)
0:00:23.16	(482, 747), (578, 862)
0:00:23.17	(492, 751), (587, 866)
0:00:23.18	(499, 751), (595, 865)
0:00:23.19	(501, 745), (597, 859)
0:00:23.27	(1194, 103), (1264, 177)
0:00:23.27	(1229, 523), (1272, 570)
0:00:23.28	(1228, 515), (1272, 565)
0:00:24.0	(450, 739), (544, 855)
0:00:24.1	(1227, 495), (1271, 544)
0:00:24.1	(436, 748), (548, 853)
0:00:24.2	(1226, 495), (1270, 544)
0:00:24.2	(436, 749), (547, 853)
0:00:24.3	(1229, 491), (1274, 544)
0:00:24.3	(428, 751), (540, 854)
0:00:24.4	(1232, 490), (1277, 543)
0:00:24.5	(1232, 482), (1278, 543)
0:00:24.6	(1231, 470), (1277, 530)
0:00:24.6	(409, 741), (523, 855)
0:00:24.7	(1231, 470), (1278, 530)
0:00:24.7	(409, 740), (523, 854)
0:00:24.8	(1230, 454), (1277, 516)
0:00:24.8	(403, 730), (517, 852)
0:00:24.8	(1460, 403), (1568, 536)
0:00:24.9	(1231, 440), (1279, 503)
0:00:24.9	(1453, 394), (1566, 535)
0:00:24.10	(1451, 389), (1566, 534)
0:00:24.10	(1228, 431), (1284, 491)
0:00:24.10	(1148, 0), (1241, 79)
0:00:24.11	(1451, 391), (1564, 533)
0:00:24.11	(1233, 419), (1282, 485)
0:00:24.12	(1451, 391), (1564, 533)
0:00:24.12	(1233, 419), (1282, 485)
0:00:24.13	(1441, 386), (1560, 536)
0:00:24.13	(1231, 407), (1280, 475)
0:00:24.14	(1426, 381), (1546, 537)
0:00:24.14	(1218, 396), (1277, 465)
0:00:24.15	(1420, 393), (1535, 536)
0:00:24.15	(1214, 384), (1264, 454)
0:00:24.15	(1030, 515), (1092, 583)
0:00:24.16	(1199, 376), (1257, 446)
0:00:24.16	(374, 323), (436, 395)
0:00:24.17	(1199, 376), (1257, 446)
0:00:24.18	(1188, 367), (1247, 441)
0:00:24.18	(1002, 502), (1064, 575)
0:00:24.19	(1180, 359), (1240, 434)
0:00:24.20	(1174, 348), (1233, 424)
0:00:24.21	(1166, 337), (1226, 417)
0:00:24.22	(1166, 336), (1226, 417)
0:00:24.23	(1166, 337), (1226, 418)
0:00:24.24	(1173, 348), (1233, 426)
0:00:24.25	(1181, 359), (1240, 435)
0:00:24.26	(1188, 367), (1247, 442)
0:00:24.26	(1411, 400), (1513, 529)
0:00:24.26	(999, 499), (1063, 575)
0:00:24.27	(1188, 367), (1247, 442)
0:00:24.27	(1411, 401), (1513, 530)
0:00:24.27	(999, 499), (1063, 576)
0:00:24.28	(1199, 373), (1257, 445)
0:00:24.28	(1426, 397), (1522, 529)
0:00:25.0	(1208, 382), (1266, 454)
0:00:25.0	(1418, 391), (1535, 534)
0:00:25.0	(1030, 514), (1091, 583)
0:00:25.1	(1429, 382), (1548, 532)
0:00:25.1	(1046, 521), (1106, 587)
0:00:25.1	(1222, 394), (1271, 463)
0:00:25.2	(1444, 385), (1561, 536)
0:00:25.2	(1225, 408), (1282, 476)
0:00:25.2	(1053, 531), (1115, 601)
0:00:25.3	(1442, 383), (1561, 535)
0:00:25.3	(1224, 409), (1281, 477)
0:00:25.3	(1053, 531), (1115, 601)
0:00:25.4	(1451, 377), (1566, 533)
0:00:25.4	(1233, 419), (1281, 487)
0:00:25.4	(1066, 541), (1116, 607)
0:00:25.5	(1450, 377), (1566, 533)
0:00:25.5	(1228, 419), (1284, 486)
0:00:25.5	(1066, 541), (1116, 608)
0:00:25.6	(1442, 384), (1560, 537)
0:00:25.6	(1225, 409), (1282, 476)
0:00:25.6	(1054, 532), (1115, 600)
0:00:25.7	(1430, 382), (1549, 534)
0:00:25.7	(1219, 395), (1277, 464)
0:00:25.7	(1046, 524), (1104, 588)
0:00:25.8	(1430, 382), (1549, 534)
0:00:25.8	(1219, 395), (1277, 464)
0:00:25.8	(1046, 524), (1104, 588)
0:00:25.9	(1212, 382), (1263, 455)
0:00:25.9	(1417, 384), (1535, 535)
0:00:25.9	(1031, 515), (1092, 583)
0:00:25.10	(1197, 373), (1256, 449)
0:00:25.10	(1013, 507), (1077, 577)
0:00:25.11	(1181, 357), (1242, 436)
0:00:25.11	(987, 494), (1053, 571)
0:00:25.12	(1181, 357), (1242, 436)
0:00:25.12	(987, 494), (1053, 571)
0:00:25.13	(1174, 348), (1235, 427)
0:00:25.13	(975, 487), (1041, 564)
0:00:25.14	(1165, 335), (1226, 418)
0:00:25.15	(1156, 326), (1217, 409)
0:00:25.15	(938, 462), (1024, 550)
0:00:25.16	(1142, 318), (1218, 405)
0:00:25.17	(1142, 318), (1217, 405)
0:00:25.18	(1141, 316), (1204, 399)
0:00:25.19	(1120, 314), (1197, 398)
0:00:25.21	(1099, 305), (1163, 393)
0:00:25.22	(1099, 305), (1163, 393)
0:00:25.23	(1078, 296), (1157, 383)
0:00:25.24	(1073, 284), (1139, 373)
0:00:25.24	(1694, 0), (1884, 170)
0:00:25.25	(1055, 271), (1136, 360)
0:00:25.26	(1049, 259), (1132, 352)
0:00:25.27	(1049, 259), (1132, 353)
0:00:25.28	(1046, 251), (1128, 341)
0:00:26.0	(519, 85), (668, 226)
0:00:26.0	(1041, 239), (1126, 336)
0:00:26.1	(1042, 237), (1111, 320)
0:00:26.2	(1023, 224), (1107, 310)
0:00:26.3	(1023, 223), (1108, 309)
0:00:26.4	(1014, 208), (1101, 311)
0:00:26.4	(775, 0), (964, 128)
0:00:26.5	(764, 10), (967, 145)
0:00:26.5	(1007, 191), (1095, 295)
0:00:26.5	(456, 201), (620, 332)
0:00:26.6	(763, 15), (957, 158)
0:00:26.7	(773, 32), (966, 176)
0:00:26.7	(1011, 152), (1099, 244)
0:00:26.7	(1721, 1), (1910, 170)
0:00:26.8	(773, 32), (966, 176)
0:00:26.8	(1011, 152), (1099, 244)
0:00:26.8	(1721, 2), (1910, 171)
0:00:26.9	(777, 38), (973, 196)
0:00:26.9	(1717, 1), (1905, 156)
0:00:26.9	(1009, 136), (1102, 242)
0:00:26.10	(1732, 1), (1913, 150)
0:00:26.10	(1012, 117), (1105, 229)
0:00:26.11	(1766, 0), (1929, 165)
0:00:26.11	(1015, 102), (1106, 207)
0:00:26.12	(1755, 0), (1926, 163)
0:00:26.12	(1016, 84), (1103, 173)
0:00:26.13	(1753, 0), (1924, 163)
0:00:26.13	(1016, 84), (1103, 175)
0:00:26.14	(1752, 0), (1924, 162)
0:00:26.14	(1016, 84), (1104, 178)
0:00:26.25	(1037, 415), (1217, 635)
0:00:26.27	(855, 963), (945, 1062)
0:00:26.28	(836, 964), (927, 1060)
0:00:27.0	(836, 963), (927, 1060)
0:00:27.2	(792, 971), (885, 1062)
0:00:27.4	(1795, 625), (1898, 768)
0:00:27.5	(1795, 625), (1898, 768)
0:00:27.6	(-2, 724), (177, 924)
0:00:27.6	(1768, 629), (1870, 775)
0:00:27.8	(1708, 631), (1824, 778)
0:00:27.11	(1654, 647), (1773, 791)
0:00:27.12	(1621, 653), (1744, 802)
0:00:28.2	(1462, 1), (1554, 105)
0:00:28.8	(1131, 713), (1245, 856)
0:00:28.9	(1115, 715), (1230, 858)
0:00:28.10	(1101, 726), (1214, 867)
0:00:28.11	(1101, 727), (1214, 868)
0:00:28.12	(1077, 725), (1190, 871)
0:00:28.13	(1056, 713), (1173, 860)
0:00:28.14	(1053, 715), (1170, 863)
0:00:28.15	(1064, 718), (1176, 865)
0:00:28.16	(1064, 720), (1176, 865)
0:00:29.1	(886, 769), (1081, 994)
0:00:29.2	(1448, 294), (1571, 413)
0:00:29.4	(1550, 290), (1667, 409)
0:00:29.5	(1578, 276), (1685, 392)
0:00:29.6	(1581, 247), (1694, 351)
0:00:29.7	(1578, 245), (1692, 349)
0:00:29.20	(1320, 721), (1364, 780)
0:00:29.21	(1320, 721), (1364, 780)
0:00:31.5	(1082, 499), (1171, 600)
0:00:31.22	(789, 915), (817, 950)
0:00:32.14	(910, 354), (978, 443)
0:00:32.15	(910, 354), (978, 442)
0:00:33.9	(1614, 549), (1697, 658)
0:00:33.11	(1631, 567), (1721, 677)
0:00:33.12	(1639, 585), (1732, 701)
0:00:33.13	(1647, 605), (1734, 723)
0:00:33.13	(932, 234), (1009, 303)
0:00:33.14	(1661, 618), (1749, 729)
0:00:34.7	(994, 28), (1263, 431)
0:00:34.8	(998, 137), (1268, 495)
0:00:34.8	(1568, 93), (1750, 326)
0:00:34.9	(983, 136), (1255, 543)
0:00:34.9	(1568, 90), (1753, 336)
0:00:34.10	(981, 168), (1247, 559)
0:00:34.11	(981, 168), (1247, 559)
0:00:34.12	(977, 228), (1244, 618)
0:00:34.13	(970, 286), (1238, 670)
0:00:34.14	(966, 352), (1231, 709)
0:00:34.15	(953, 379), (1216, 726)
0:00:34.16	(953, 379), (1216, 726)
0:00:34.17	(954, 419), (1213, 773)
0:00:34.18	(959, 429), (1220, 782)
0:00:34.18	(1556, 95), (1774, 360)
0:00:34.19	(962, 440), (1219, 787)
0:00:34.19	(1561, 94), (1777, 360)
0:00:34.20	(962, 446), (1220, 789)
0:00:34.20	(1582, 108), (1768, 363)
0:00:34.21	(962, 446), (1220, 789)
0:00:34.21	(1582, 108), (1768, 363)
0:00:34.22	(958, 469), (1217, 828)
0:00:34.22	(1591, 125), (1781, 373)
0:00:34.23	(958, 469), (1217, 827)
0:00:34.23	(1591, 125), (1781, 372)
0:00:34.24	(956, 475), (1213, 831)
0:00:34.24	(1590, 144), (1778, 386)
0:00:34.25	(950, 466), (1208, 817)
0:00:34.25	(1589, 164), (1774, 409)
0:00:34.26	(937, 457), (1194, 798)
0:00:34.26	(1566, 165), (1786, 431)
0:00:34.27	(937, 457), (1194, 798)
0:00:34.27	(1566, 165), (1786, 431)
0:00:34.28	(932, 443), (1190, 786)
